ADT1_YEAST,0.58,0.61,0.47,0.13,0.50,0.00,0.48,0.22,0
ADT2_YEAST,0.43,0.67,0.48,0.27,0.50,0.00,0.53,0.22,0
ADT3_YEAST,0.64,0.62,0.49,0.15,0.50,0.00,0.53,0.22,0
AAR2_YEAST,0.58,0.44,0.57,0.13,0.50,0.00,0.54,0.22,1
AATM_YEAST,0.42,0.44,0.48,0.54,0.50,0.00,0.48,0.22,0
AATC_YEAST,0.51,0.40,0.56,0.17,0.50,0.50,0.49,0.22,2
ABC1_YEAST,0.50,0.54,0.48,0.65,0.50,0.00,0.53,0.22,0
BAF1_YEAST,0.48,0.45,0.59,0.20,0.50,0.00,0.58,0.34,1
ABF2_YEAST,0.55,0.50,0.66,0.36,0.50,0.00,0.49,0.22,0
ABP1_YEAST,0.40,0.39,0.60,0.15,0.50,0.00,0.58,0.30,2
ACE1_YEAST,0.43,0.39,0.54,0.21,0.50,0.00,0.53,0.27,1
ACE2_YEAST,0.42,0.37,0.59,0.20,0.50,0.00,0.52,0.29,1
ACH1_YEAST,0.40,0.42,0.57,0.35,0.50,0.00,0.53,0.25,2
ACON_YEAST,0.60,0.40,0.52,0.46,0.50,0.00,0.53,0.22,0
ACR1_YEAST,0.66,0.55,0.45,0.19,0.50,0.00,0.46,0.22,0
ACT_YEAST, 0.46,0.44,0.52,0.11,0.50,0.00,0.50,0.22,2
ACT2_YEAST,0.47,0.39,0.50,0.11,0.50,0.00,0.49,0.40,2
ACT3_YEAST,0.58,0.47,0.54,0.11,0.50,0.00,0.51,0.26,1
ACT5_YEAST,0.50,0.34,0.55,0.21,0.50,0.00,0.49,0.22,1
ADA2_YEAST,0.61,0.60,0.55,0.21,0.50,0.00,0.50,0.25,1
C1TC_YEAST,0.45,0.40,0.50,0.16,0.50,0.00,0.50,0.22,2
PUR4_YEAST,0.43,0.44,0.48,0.22,0.50,0.00,0.51,0.22,2
PUR3_YEAST,0.73,0.63,0.42,0.30,0.50,0.00,0.49,0.22,2
ADH1_YEAST,0.43,0.53,0.52,0.13,0.50,0.00,0.55,0.22,2
ADH2_YEAST,0.46,0.53,0.52,0.15,0.50,0.00,0.58,0.22,2
ADH3_YEAST,0.51,0.51,0.52,0.51,0.50,0.00,0.54,0.22,0
ADH4_YEAST,0.59,0.45,0.53,0.19,0.50,0.00,0.59,0.27,2
KAD1_YEAST,0.57,0.47,0.60,0.18,0.50,0.00,0.51,0.22,2
KAD2_YEAST,0.63,0.67,0.57,0.24,0.50,0.00,0.49,0.22,0
ADP1_YEAST,0.80,0.88,0.36,0.39,0.50,0.00,0.56,0.33,3
ADR1_YEAST,0.53,0.54,0.43,0.10,0.50,0.00,0.57,0.32,1
AFG3_YEAST,0.51,0.51,0.43,0.87,0.50,0.00,0.52,0.22,0
AFR1_YEAST,0.38,0.61,0.61,0.12,0.50,0.00,0.53,0.47,2
RCS1_YEAST,0.33,0.55,0.51,0.43,0.50,0.00,0.51,0.22,1
AGA1_YEAST,0.78,0.74,0.42,0.26,0.50,0.00,0.43,0.22,3
AGA2_YEAST,0.74,0.67,0.47,0.34,0.50,0.00,0.42,0.22,4
YMX1_YEAST,0.72,0.61,0.45,0.30,0.50,0.00,0.54,0.25,0
SYAC_YEAST,0.40,0.45,0.57,0.18,0.50,0.00,0.56,0.26,2
DHA1_YEAST,0.59,0.53,0.43,0.44,0.50,0.00,0.50,0.22,0
DHA2_YEAST,0.57,0.53,0.53,0.34,0.50,0.00,0.53,0.22,0
ALG1_YEAST,0.86,0.68,0.39,0.24,0.50,0.00,0.54,0.22,5
ALG5_YEAST,0.86,0.74,0.51,0.40,0.50,0.00,0.55,0.22,5
GPT_YEAST, 0.79,0.57,0.41,0.28,0.50,0.00,0.59,0.22,5
ALG8_YEAST,0.41,0.54,0.39,0.20,0.50,0.00,0.51,0.22,6
MAN1_YEAST,0.37,0.36,0.56,0.18,0.50,0.00,0.48,0.26,7
ANC1_YEAST,0.53,0.31,0.58,0.39,0.50,0.00,0.47,0.37,1
ANP1_YEAST,0.74,0.75,0.58,0.47,0.50,0.00,0.40,0.35,5
APE2_YEAST,0.49,0.39,0.52,0.29,0.50,0.00,0.48,0.22,4
APE3_YEAST,0.74,0.57,0.51,0.28,0.50,0.00,0.58,0.22,7
ALP1_YEAST,0.42,0.24,0.34,0.16,0.50,0.00,0.50,0.22,6
ADB2_YEAST,0.48,0.39,0.51,0.21,0.50,0.00,0.52,0.28,2
YHB9_YEAST,0.41,0.53,0.45,0.14,0.50,0.00,0.52,0.66,6
APN1_YEAST,0.45,0.46,0.55,0.43,0.50,0.00,0.55,0.38,1
ARD1_YEAST,0.56,0.48,0.58,0.27,0.50,0.00,0.51,0.22,2
ARF1_YEAST,0.64,0.59,0.56,0.23,0.50,0.00,0.46,0.22,2
ARF2_YEAST,0.64,0.56,0.56,0.22,0.50,0.00,0.45,0.22,2
ASSY_YEAST,0.66,0.62,0.49,0.10,0.50,0.00,0.49,0.22,2
OTC_YEAST, 0.53,0.44,0.51,0.33,0.50,0.00,0.55,0.22,2
ARLY_YEAST,0.38,0.49,0.53,0.19,0.50,0.00,0.50,0.22,2
AR56_YEAST,0.45,0.58,0.48,0.67,0.50,0.00,0.52,0.22,0
ARGD_YEAST,0.43,0.35,0.52,0.52,0.50,0.00,0.54,0.22,0
ARG1_YEAST,0.37,0.32,0.47,0.18,0.50,0.00,0.45,0.25,1
ARG2_YEAST,0.48,0.43,0.51,0.32,0.50,0.00,0.52,0.43,1
ARG3_YEAST,0.41,0.46,0.59,0.19,0.50,0.00,0.58,0.27,1
ARO1_YEAST,0.54,0.48,0.44,0.08,0.50,0.00,0.52,0.27,2
AROC_YEAST,0.60,0.47,0.45,0.22,0.50,0.00,0.51,0.29,2
AROF_YEAST,0.34,0.46,0.57,0.09,0.50,0.00,0.55,0.22,2
AROG_YEAST,0.48,0.54,0.55,0.12,0.50,0.00,0.51,0.22,2
CHMU_YEAST,0.47,0.39,0.59,0.15,0.50,0.00,0.57,0.22,2
ASG2_YEAST,0.81,0.85,0.47,0.37,0.50,0.00,0.56,0.22,4
AST1_YEAST,0.48,0.42,0.52,0.24,0.50,0.00,0.56,0.22,2
ATE1_YEAST,0.58,0.51,0.49,0.27,0.50,0.00,0.57,0.29,2
ATM1_YEAST,0.60,0.50,0.44,0.61,0.50,0.00,0.47,0.22,0
ATPA_YEAST,0.45,0.55,0.54,0.66,0.50,0.00,0.47,0.22,0
ATPY_YEAST,0.46,0.49,0.58,0.23,0.50,0.00,0.44,0.22,0
ATPS_YEAST,0.49,0.42,0.56,0.55,0.50,0.00,0.42,0.25,0
ATPT_YEAST,0.63,0.53,0.54,0.40,0.50,0.00,0.50,0.22,0
ATPU_YEAST,0.50,0.54,0.53,0.54,0.50,0.00,0.51,0.27,0
ATPE_YEAST,0.63,0.57,0.59,0.40,0.50,0.00,0.38,0.22,0
ATPB_YEAST,0.43,0.57,0.51,0.49,0.50,0.00,0.48,0.22,0
ATPG_YEAST,0.48,0.45,0.55,0.50,0.50,0.00,0.53,0.22,0
ATPD_YEAST,0.50,0.58,0.46,0.46,0.50,0.00,0.46,0.22,0
ATPO_YEAST,0.51,0.54,0.60,0.57,0.50,0.00,0.58,0.22,0
ATP7_YEAST,0.54,0.52,0.63,0.37,0.50,0.00,0.46,0.22,0
ATP8_YEAST,0.67,0.62,0.40,0.43,0.50,0.83,0.50,0.22,0
ATR1_YEAST,0.28,0.58,0.21,0.13,0.50,0.00,0.51,0.22,6
YBR8_YEAST,0.39,0.44,0.35,0.16,0.50,0.00,0.55,0.22,6
BAR1_YEAST,0.80,0.63,0.45,0.29,0.50,0.00,0.51,0.22,4
BAS1_YEAST,0.50,0.52,0.59,0.30,0.50,0.00,0.51,0.35,1
BCK1_YEAST,0.42,0.47,0.52,0.41,0.50,0.00,0.53,0.32,2
BCK2_YEAST,0.36,0.46,0.62,0.46,0.50,0.00,0.51,0.33,2
BCS1_YEAST,0.46,0.38,0.47,0.22,0.50,0.00,0.52,0.27,0
KAPR_YEAST,0.40,0.45,0.56,0.20,0.50,0.00,0.45,0.22,2
BDF1_YEAST,0.33,0.43,0.64,0.16,0.50,0.00,0.52,0.52,1
BEM1_YEAST,0.49,0.61,0.49,0.25,0.50,0.00,0.50,0.28,2
BET1_YEAST,0.38,0.50,0.37,0.26,0.50,0.00,0.43,0.22,6
BGL2_YEAST,0.69,0.70,0.52,0.36,0.50,0.00,0.46,0.22,4
CYBM_YEAST,0.61,0.72,0.39,0.33,0.50,0.00,0.58,0.22,0
YMC4_YEAST,0.78,0.75,0.40,0.28,0.50,0.00,0.53,0.22,0
BIK1_YEAST,0.64,0.57,0.57,0.27,0.50,0.00,0.37,0.22,2
BOS1_YEAST,0.36,0.58,0.35,0.24,0.50,0.00,0.44,0.22,6
BSD2_YEAST,0.36,0.43,0.39,0.12,0.50,0.00,0.49,0.22,6
BUD5_YEAST,0.47,0.52,0.50,0.40,0.50,0.00,0.41,0.22,2
CAD1_YEAST,0.48,0.23,0.57,0.27,0.50,0.00,0.48,0.47,1
CAP2_YEAST,0.47,0.39,0.55,0.24,0.50,0.00,0.47,0.22,2
CAN1_YEAST,0.44,0.59,0.36,0.16,0.50,0.00,0.52,0.22,6
CAPA_YEAST,0.42,0.35,0.54,0.18,0.50,0.00,0.56,0.22,2
CAPB_YEAST,0.30,0.56,0.55,0.18,0.50,0.00,0.50,0.22,2
ARGI_YEAST,0.65,0.65,0.52,0.16,0.50,0.00,0.60,0.22,2
OAT_YEAST, 0.27,0.60,0.48,0.23,0.50,0.00,0.55,0.22,2
CACP_YEAST,0.45,0.41,0.50,0.46,0.50,0.50,0.50,0.27,8
CAT8_YEAST,0.44,0.52,0.41,0.23,0.50,0.00,0.51,0.22,1
CBF1_YEAST,0.30,0.32,0.57,0.19,0.50,0.00,0.48,0.55,1
CB32_YEAST,0.40,0.44,0.49,0.47,0.50,0.00,0.49,0.27,1
CBF5_YEAST,0.45,0.51,0.50,0.16,0.50,0.00,0.52,1.00,1
CBP1_YEAST,0.45,0.45,0.50,0.60,0.50,0.00,0.49,0.22,0
CBP2_YEAST,0.59,0.67,0.56,0.41,0.50,0.00,0.47,0.22,0
CBP3_YEAST,0.47,0.47,0.57,0.48,0.50,0.00,0.48,0.22,0
CBP4_YEAST,0.35,0.52,0.48,0.22,0.50,0.00,0.26,0.22,0
CBP6_YEAST,0.47,0.41,0.66,0.26,0.50,0.00,0.53,0.22,0
NC5R_YEAST,0.64,0.62,0.29,0.28,0.50,0.00,0.51,0.22,0
CBS1_YEAST,0.55,0.53,0.55,0.46,0.50,0.00,0.52,0.22,0
CBS2_YEAST,0.67,0.62,0.54,0.43,0.50,0.00,0.53,0.22,0
TNT_YEAST, 0.59,0.60,0.49,0.43,0.50,0.00,0.53,0.31,0
ATU1_YEAST,0.54,0.55,0.34,0.31,0.50,0.00,0.54,0.22,6
CCE1_YEAST,0.58,0.62,0.54,0.17,0.50,0.00,0.48,0.22,0
CCL1_YEAST,0.40,0.38,0.53,0.16,0.50,0.00,0.52,0.27,1
CCPR_YEAST,0.46,0.71,0.48,0.53,0.50,0.00,0.53,0.22,0
CCR4_YEAST,0.53,0.51,0.55,0.05,0.50,0.00,0.45,0.25,1
CTPT_YEAST,0.41,0.40,0.59,0.47,0.50,0.00,0.48,0.43,2
CC10_YEAST,0.50,0.64,0.57,0.15,0.50,0.00,0.47,0.22,2
CC11_YEAST,0.40,0.62,0.52,0.31,0.50,0.00,0.49,0.31,2
CC12_YEAST,0.60,0.50,0.57,0.25,0.50,0.00,0.41,0.26,2
CC16_YEAST,0.62,0.51,0.52,0.42,0.50,0.00,0.54,0.27,1
CC23_YEAST,0.35,0.58,0.54,0.16,0.50,0.00,0.51,0.22,1
CC24_YEAST,0.34,0.54,0.50,0.21,0.50,0.00,0.54,0.31,2
CC25_YEAST,0.39,0.58,0.50,0.26,0.50,0.00,0.54,0.59,6
CC27_YEAST,0.48,0.54,0.50,0.17,0.50,0.00,0.53,0.22,1
CDC3_YEAST,0.29,0.32,0.58,0.15,0.50,0.00,0.50,0.30,2
CC31_YEAST,0.47,0.32,0.64,0.30,0.50,0.00,0.63,0.22,1
IF4E_YEAST,0.39,0.47,0.56,0.16,0.50,0.00,0.47,0.22,2
UBC3_YEAST,0.58,0.48,0.51,0.47,0.50,0.00,0.55,0.22,1
NOT2_YEAST,0.64,0.60,0.57,0.19,0.50,0.00,0.43,0.22,1
NOT1_YEAST,0.37,0.46,0.40,0.27,0.50,0.00,0.45,0.22,1
CC4_YEAST, 0.43,0.57,0.53,0.16,0.50,0.00,0.54,0.22,2
CC40_YEAST,0.28,0.37,0.61,0.09,0.50,0.00,0.52,0.55,1
CC42_YEAST,0.59,0.48,0.50,0.14,0.50,0.00,0.45,0.25,2
CAL1_YEAST,0.39,0.55,0.48,0.31,0.50,0.00,0.54,0.29,2
RFC1_YEAST,0.26,0.36,0.47,0.34,0.50,0.00,0.53,0.72,1
CC46_YEAST,0.51,0.34,0.50,0.19,0.50,0.00,0.50,0.22,1
YB52_YEAST,0.58,0.50,0.50,0.12,0.50,0.00,0.48,0.25,1
CC48_YEAST,0.44,0.39,0.53,0.14,0.50,0.00,0.54,0.44,2
CC6_YEAST, 0.41,0.39,0.44,0.34,0.50,0.00,0.48,0.40,1
SYLC_YEAST,0.45,0.43,0.51,0.24,0.50,0.00,0.54,0.33,2
CC68_YEAST,0.36,0.68,0.46,0.16,0.50,0.00,0.53,0.28,1
CC7_YEAST, 0.42,0.31,0.50,0.15,0.50,0.00,0.53,0.22,1
KTHY_YEAST,0.42,0.43,0.56,0.10,0.50,0.00,0.49,0.22,2
DNLI_YEAST,0.67,0.71,0.52,0.65,0.50,0.00,0.53,0.36,1
MCE1_YEAST,0.49,0.47,0.53,0.16,0.50,0.00,0.48,0.27,1
CEM1_YEAST,0.71,0.59,0.48,0.43,0.50,0.00,0.59,0.22,0
RLUB_YEAST,0.40,0.42,0.71,0.21,0.50,0.00,0.54,0.32,2
RLUB_YEAST,0.40,0.42,0.71,0.21,0.50,0.00,0.54,0.32,2
CLH_YEAST, 0.54,0.49,0.49,0.20,0.50,0.00,0.52,0.22,2
CHL1_YEAST,0.42,0.51,0.50,0.12,0.50,0.00,0.52,0.46,1
CHL4_YEAST,0.57,0.51,0.53,0.18,0.50,0.00,0.56,0.25,1
PSS_YEAST, 0.35,0.45,0.43,0.11,0.50,0.00,0.56,0.22,6
PEM1_YEAST,0.42,0.42,0.42,0.20,0.50,0.00,0.49,0.22,6
CHS1_YEAST,0.26,0.50,0.33,0.28,0.50,0.00,0.51,0.22,6
CHS2_YEAST,0.39,0.42,0.38,0.40,0.50,0.00,0.49,0.47,6
CHS3_YEAST,0.26,0.44,0.30,0.11,0.50,0.00,0.51,0.47,6
CIK1_YEAST,0.31,0.44,0.53,0.23,0.50,0.00,0.51,0.32,1
CIN1_YEAST,0.48,0.61,0.44,0.20,0.50,0.00,0.47,0.22,2
CIN4_YEAST,0.66,0.45,0.50,0.23,0.50,0.00,0.49,0.22,2
CIN8_YEAST,0.21,0.41,0.55,0.11,0.50,0.00,0.50,0.27,2
CISY_YEAST,0.38,0.68,0.44,0.45,0.50,0.00,0.53,0.22,0
CISZ_YEAST,0.44,0.38,0.48,0.32,0.50,0.83,0.53,0.22,8
KC21_YEAST,0.31,0.31,0.56,0.33,0.50,0.00,0.52,0.33,1
KC22_YEAST,0.49,0.31,0.49,0.35,0.50,0.00,0.51,0.29,1
KC2C_YEAST,0.38,0.37,0.56,0.21,0.50,0.00,0.49,0.22,1
KICH_YEAST,0.39,0.40,0.53,0.67,0.50,0.00,0.47,0.22,2
CLC1_YEAST,0.24,0.34,0.69,0.18,0.50,0.00,0.52,0.22,2
CG11_YEAST,0.49,0.43,0.51,0.13,0.50,0.00,0.47,0.22,2
CG12_YEAST,0.54,0.38,0.52,0.18,0.50,0.00,0.48,0.22,2
CG13_YEAST,0.43,0.57,0.53,0.53,0.50,0.00,0.53,0.25,2
CALM_YEAST,0.48,0.64,0.61,0.23,0.50,0.00,0.60,0.22,2
KCC1_YEAST,0.31,0.55,0.52,0.17,0.50,0.00,0.52,0.22,2
KCC2_YEAST,0.32,0.57,0.50,0.15,0.50,0.00,0.53,0.22,2
P2B1_YEAST,0.32,0.42,0.52,0.24,0.50,0.00,0.60,0.22,2
P2B2_YEAST,0.59,0.50,0.52,0.28,0.50,0.00,0.55,0.25,2
CALB_YEAST,0.37,0.42,0.51,0.11,0.50,0.00,0.57,0.22,2
CALX_YEAST,0.75,0.70,0.38,0.27,0.50,0.00,0.49,0.22,3
CYB_YEAST, 0.61,0.72,0.31,0.33,0.50,0.00,0.56,0.22,0
COFI_YEAST,0.44,0.42,0.60,0.21,0.50,0.00,0.57,0.22,2
COQ1_YEAST,0.52,0.51,0.51,0.54,0.50,0.00,0.55,0.27,0
COQ2_YEAST,0.63,0.56,0.45,0.58,0.50,0.00,0.51,0.22,0
COQ3_YEAST,0.52,0.56,0.54,0.53,0.50,0.00,0.45,0.22,0
UCR1_YEAST,0.58,0.58,0.58,0.49,0.50,0.00,0.49,0.26,0
COT1_YEAST,0.72,0.62,0.34,0.29,0.50,0.00,0.56,0.28,0
COX1_YEAST,0.72,0.61,0.37,0.30,0.50,0.00,0.57,0.22,0
COXX_YEAST,0.46,0.43,0.38,0.33,0.50,0.00,0.48,0.28,0
COXZ_YEAST,0.57,0.57,0.44,0.37,0.50,0.00,0.52,0.25,0
COXG_YEAST,0.42,0.31,0.62,0.12,0.50,0.00,0.40,0.22,0
COXE_YEAST,0.49,0.46,0.45,0.45,0.50,0.00,0.52,0.22,0
YEX1_YEAST,0.42,0.58,0.41,0.65,0.50,0.00,0.46,0.26,0
COX2_YEAST,0.59,0.61,0.34,0.22,0.50,0.00,0.51,0.22,0
COX3_YEAST,0.52,0.77,0.38,0.34,0.50,0.00,0.51,0.22,0
COX4_YEAST,0.50,0.52,0.60,0.51,0.50,0.00,0.48,0.22,0
COXA_YEAST,0.49,0.60,0.43,0.56,0.50,0.00,0.36,0.22,0
COXB_YEAST,0.50,0.41,0.44,0.50,0.50,0.00,0.42,0.22,0
COX6_YEAST,0.50,0.40,0.56,0.70,0.50,0.00,0.50,0.22,0
COX7_YEAST,0.37,0.58,0.44,0.51,0.50,0.00,0.44,0.22,0
COX8_YEAST,0.55,0.45,0.45,0.54,0.50,0.00,0.50,0.22,0
COX9_YEAST,0.67,0.68,0.46,0.29,0.50,0.00,0.46,0.22,0
CARA_YEAST,0.53,0.51,0.46,0.28,0.50,0.00,0.48,0.22,2
CARB_YEAST,0.35,0.66,0.49,0.21,0.50,0.00,0.54,0.25,2
CYPH_YEAST,0.52,0.40,0.60,0.12,0.50,0.00,0.55,0.22,2
CYPB_YEAST,0.77,0.79,0.58,0.23,0.50,0.00,0.48,0.22,4
CYPC_YEAST,0.47,0.46,0.59,0.49,0.50,0.00,0.56,0.22,0
CYPR_YEAST,0.73,0.83,0.43,0.30,0.50,0.00,0.55,0.22,3
CYPD_YEAST,0.78,0.74,0.58,0.25,1.00,0.00,0.53,0.22,9
CBPS_YEAST,0.70,0.65,0.54,0.28,0.50,0.00,0.60,0.40,7
CPT1_YEAST,0.47,0.54,0.37,0.14,0.50,0.00,0.50,0.22,6
CRM1_YEAST,0.56,0.52,0.48,0.17,0.50,0.00,0.46,0.22,1
R141_YEAST,0.57,0.41,0.59,0.24,0.50,0.00,0.40,0.22,2
R142_YEAST,0.56,0.41,0.58,0.21,0.50,0.00,0.42,0.22,2
CSE1_YEAST,0.58,0.56,0.45,0.12,0.50,0.00,0.51,0.22,1
CSE2_YEAST,0.53,0.38,0.66,0.25,0.50,0.00,0.43,0.22,1
YKE9_YEAST,0.34,0.36,0.54,0.11,0.50,0.00,0.36,0.21,1
CSG2_YEAST,0.69,0.61,0.38,0.27,0.50,0.00,0.52,0.22,5
CATA_YEAST,0.37,0.53,0.60,0.19,0.50,0.50,0.42,0.22,8
CB33_YEAST,0.41,0.45,0.53,0.17,0.50,0.00,0.51,0.25,1
CTK1_YEAST,0.31,0.46,0.54,0.52,0.50,0.00,0.50,0.34,1
CTR1_YEAST,0.36,0.37,0.33,0.14,0.50,0.00,0.57,0.31,6
CHI1_YEAST,0.82,0.78,0.49,0.23,0.50,0.00,0.46,0.22,4
CHI2_YEAST,0.82,0.75,0.54,0.23,0.50,0.00,0.46,0.22,4
CATT_YEAST,0.41,0.51,0.58,0.15,0.50,0.00,0.45,0.27,2
MTC_YEAST, 0.38,0.51,0.75,0.17,0.50,0.00,0.55,0.22,2
MTC_YEAST, 0.38,0.51,0.75,0.17,0.50,0.00,0.55,0.22,2
CYB2_YEAST,0.53,0.44,0.51,0.33,0.50,0.00,0.52,0.22,0
CYC1_YEAST,0.46,0.54,0.71,0.15,0.50,0.00,0.59,0.22,0
CYC2_YEAST,0.40,0.56,0.48,0.14,0.50,0.00,0.47,0.22,0
CCHL_YEAST,0.53,0.53,0.60,0.13,0.50,0.00,0.49,0.22,0
CYC7_YEAST,0.42,0.57,0.72,0.22,0.50,0.00,0.57,0.22,0
RL2A_YEAST,0.45,0.27,0.57,0.36,0.50,0.00,0.52,0.18,2
CYAA_YEAST,0.20,0.26,0.52,0.14,0.50,0.00,0.53,0.44,2
CYS3_YEAST,0.51,0.53,0.55,0.14,0.50,0.00,0.51,0.22,2
CY1_YEAST, 0.44,0.68,0.45,0.51,0.50,0.00,0.52,0.41,0
22_YEAST,0.27,0.39,0.66,0.11,0.50,0.00,0.44,0.22,0
DAL4_YEAST,0.55,0.42,0.34,0.30,0.50,0.00,0.52,0.22,6
DAL5_YEAST,0.34,0.42,0.30,0.23,0.50,0.00,0.53,0.22,6
MASZ_YEAST,0.44,0.53,0.52,0.23,0.50,0.83,0.51,0.22,8
DA80_YEAST,0.59,0.58,0.56,0.21,0.50,0.00,0.54,0.33,1
DA81_YEAST,0.39,0.28,0.46,0.12,0.50,0.00,0.41,0.22,1
DA82_YEAST,0.56,0.43,0.54,0.16,0.50,0.00,0.50,0.22,1
DAP2_YEAST,0.36,0.68,0.38,0.08,0.50,0.00,0.53,0.25,7
DATI_YEAST,0.27,0.36,0.60,0.33,0.50,0.00,0.37,0.31,1
DBF4_YEAST,0.35,0.40,0.59,0.22,0.50,0.00,0.47,0.37,1
DBP1_YEAST,0.42,0.32,0.50,0.21,0.50,0.00,0.51,0.22,1
DBP2_YEAST,0.23,0.20,0.53,0.20,0.50,0.00,0.44,0.22,1
DBR1_YEAST,0.55,0.54,0.56,0.22,0.50,0.00,0.50,0.37,1
DED1_YEAST,0.36,0.24,0.49,0.16,0.50,0.00,0.51,0.22,1
DEP1_YEAST,0.38,0.48,0.59,0.22,0.50,0.00,0.46,0.22,2
DYR_YEAST, 0.80,0.46,0.50,0.15,0.50,0.00,0.53,0.22,2
DYHC_YEAST,0.60,0.56,0.47,0.20,0.50,0.00,0.50,0.38,1
DHH1_YEAST,0.41,0.24,0.54,0.26,0.50,0.00,0.41,0.22,1
DLD1_YEAST,0.47,0.65,0.54,0.62,0.50,0.00,0.53,0.36,0
DMC1_YEAST,0.43,0.39,0.54,0.14,0.50,0.00,0.47,0.22,1
DPB2_YEAST,0.50,0.51,0.52,0.09,0.50,0.00,0.48,0.25,1
DPB3_YEAST,0.53,0.61,0.52,0.21,0.50,0.00,0.55,0.30,1
DPM1_YEAST,0.54,0.42,0.41,0.16,0.50,0.00,0.52,0.22,5
SYDC_YEAST,0.46,0.35,0.53,0.16,0.50,0.00,0.51,0.29,2
DRS1_YEAST,0.46,0.43,0.49,0.79,0.50,0.00,0.49,0.63,1
ATC4_YEAST,0.51,0.55,0.35,0.16,0.50,0.00,0.51,0.47,6
DSS4_YEAST,0.56,0.52,0.55,0.19,0.50,0.00,0.54,0.22,2
TFS2_YEAST,0.61,0.30,0.59,0.12,0.50,0.00,0.49,0.27,1
DUN1_YEAST,0.37,0.53,0.46,0.23,0.50,0.00,0.47,0.22,1
DUR3_YEAST,0.83,0.58,0.33,0.04,0.50,0.00,0.53,0.22,5
EF1B_YEAST,0.39,0.45,0.53,0.18,0.50,0.00,0.54,0.22,2
EF2_YEAST, 0.52,0.54,0.50,0.21,0.50,0.00,0.48,0.30,2
EGD1_YEAST,0.35,0.39,0.57,0.11,0.50,0.00,0.48,0.22,1
ATN2_YEAST,0.36,0.49,0.30,0.22,0.50,0.00,0.52,0.31,6
END2_YEAST,0.78,0.70,0.32,0.23,0.50,0.00,0.53,0.22,3
END3_YEAST,0.55,0.46,0.53,0.11,0.50,0.00,0.52,0.48,2
ENO1_YEAST,0.45,0.56,0.54,0.32,0.50,0.00,0.57,0.22,2
ENO2_YEAST,0.45,0.56,0.53,0.32,0.50,0.00,0.57,0.22,2
EPT1_YEAST,0.29,0.43,0.40,0.15,0.50,0.00,0.53,0.22,6
ERD1_YEAST,0.52,0.75,0.37,0.14,0.50,0.00,0.46,0.22,6
ERD2_YEAST,0.71,0.56,0.39,0.27,0.50,0.00,0.52,0.22,5
ERG1_YEAST,0.58,0.60,0.43,0.12,0.50,0.00,0.55,0.22,6
THIL_YEAST,0.54,0.65,0.49,0.34,0.50,0.00,0.52,0.22,2
CP51_YEAST,0.57,0.59,0.44,0.16,0.50,0.00,0.52,0.22,5
KIME_YEAST,0.59,0.58,0.46,0.19,0.50,0.00,0.56,0.27,2
ERG2_YEAST,0.92,0.61,0.40,0.22,0.50,0.00,0.54,0.22,5
FPPS_YEAST,0.55,0.56,0.45,0.14,0.50,0.00,0.54,0.22,2
ER24_YEAST,0.63,0.61,0.41,0.22,0.50,0.00,0.51,0.22,6
ERG3_YEAST,0.58,0.53,0.38,0.18,0.50,0.00,0.52,0.22,6
ERG4_YEAST,0.36,0.46,0.43,0.19,0.50,0.00,0.48,0.22,6
ERG6_YEAST,0.32,0.47,0.55,0.12,0.50,0.00,0.52,0.22,2
ERG7_YEAST,0.34,0.38,0.45,0.19,0.50,0.00,0.51,0.22,5
ERG8_YEAST,0.62,0.58,0.46,0.13,0.50,0.00,0.53,0.22,2
FDFT_YEAST,0.53,0.68,0.42,0.19,0.50,0.00,0.53,0.22,6
ERS1_YEAST,0.73,0.55,0.41,0.16,0.50,0.00,0.46,0.22,5
ESP1_YEAST,0.55,0.46,0.46,0.31,0.50,0.00,0.58,0.48,1
EST1_YEAST,0.35,0.60,0.47,0.13,0.50,0.00,0.52,0.43,1
EUG1_YEAST,0.77,0.80,0.51,0.40,1.00,0.00,0.54,0.22,9
EXG1_YEAST,0.77,0.87,0.47,0.37,0.50,0.00,0.48,0.22,4
LCF2_YEAST,0.35,0.46,0.49,0.15,1.00,0.00,0.55,0.35,2
FAD1_YEAST,0.43,0.51,0.48,0.14,0.50,0.00,0.50,0.22,2
FAS1_YEAST,0.57,0.61,0.45,0.26,0.50,0.00,0.50,0.22,2
FAS2_YEAST,0.63,0.62,0.42,0.12,0.50,0.00,0.52,0.25,2
COAC_YEAST,0.25,0.40,0.51,0.18,0.50,0.00,0.50,0.27,2
ALF_YEAST, 0.56,0.62,0.53,0.24,0.50,0.00,0.57,0.22,2
F16P_YEAST,0.58,0.60,0.51,0.24,0.50,0.00,0.53,0.22,2
F26_YEAST, 0.71,0.59,0.53,0.15,0.50,0.00,0.49,0.33,2
FCY2_YEAST,0.46,0.35,0.33,0.17,0.50,0.00,0.55,0.22,6
FET3_YEAST,0.54,0.55,0.42,0.22,0.50,0.00,0.48,0.22,6
FET4_YEAST,0.39,0.44,0.28,0.12,0.50,0.00,0.46,0.27,6
FHL1_YEAST,0.33,0.44,0.49,0.08,0.50,0.00,0.48,0.49,1
FLO1_YEAST,0.81,0.82,0.41,0.36,0.50,0.00,0.39,0.22,4
FOX2_YEAST,0.69,0.60,0.51,0.13,0.50,0.83,0.52,0.22,8
THIK_YEAST,0.46,0.48,0.44,0.21,0.50,0.00,0.55,0.22,8
FKBP_YEAST,0.35,0.36,0.57,0.17,0.50,0.00,0.52,0.22,2
FKB2_YEAST,0.74,0.72,0.47,0.25,0.50,0.00,0.57,0.22,3
FKB3_YEAST,0.54,0.57,0.52,0.19,0.50,0.00,0.59,0.67,1
FPS1_YEAST,0.42,0.52,0.40,0.17,0.50,0.00,0.50,0.26,6
FRE1_YEAST,0.91,0.77,0.34,0.47,0.50,0.00,0.52,0.31,3
YKW0_YEAST,0.81,0.90,0.39,0.41,0.50,0.00,0.53,0.22,5
SYFA_YEAST,0.45,0.40,0.56,0.14,0.50,0.00,0.54,0.22,2
SYFB_YEAST,0.47,0.47,0.58,0.16,0.50,0.00,0.49,0.28,2
FUMH_YEAST,0.41,0.39,0.51,0.52,0.50,0.00,0.49,0.22,2
FU34_YEAST,0.37,0.34,0.32,0.22,0.50,0.00,0.56,0.22,6
FUR1_YEAST,0.69,0.60,0.50,0.31,0.50,0.00,0.55,0.22,2
FUR4_YEAST,0.35,0.56,0.36,0.30,0.50,0.00,0.53,0.25,6
FUS1_YEAST,0.84,0.66,0.36,0.78,0.50,0.00,0.49,0.50,3
FUS3_YEAST,0.51,0.58,0.54,0.29,0.50,0.00,0.53,0.22,2
FZF1_YEAST,0.37,0.43,0.62,0.27,0.50,0.00,0.48,0.22,1
GAC1_YEAST,0.55,0.66,0.57,0.32,0.50,0.00,0.57,0.34,2
GAL1_YEAST,0.48,0.35,0.42,0.21,0.50,0.00,0.57,0.22,2
GALX_YEAST,0.62,0.58,0.52,0.15,0.50,0.00,0.52,0.29,2
GALY_YEAST,0.56,0.59,0.53,0.16,0.50,0.00,0.24,0.42,1
GAL2_YEAST,0.44,0.51,0.37,0.15,0.50,0.00,0.51,0.22,6
GAL4_YEAST,0.44,0.44,0.49,0.15,0.50,0.00,0.46,0.27,1
GAL7_YEAST,0.50,0.50,0.48,0.17,0.50,0.00,0.47,0.26,2
GAL8_YEAST,0.60,0.60,0.49,0.30,0.50,0.00,0.53,0.22,1
GAP1_YEAST,0.49,0.46,0.34,0.21,0.50,0.00,0.55,0.22,6
GAR1_YEAST,0.35,0.68,0.57,0.40,0.50,0.00,0.53,0.36,1
GAS1_YEAST,0.70,0.69,0.43,0.33,0.50,0.00,0.58,0.22,3
GBP2_YEAST,0.23,0.30,0.58,0.22,0.50,0.00,0.48,0.27,1
E2BG_YEAST,0.45,0.42,0.52,0.20,0.50,0.00,0.50,0.25,2
IF2G_YEAST,0.51,0.35,0.46,0.15,0.50,0.00,0.51,0.42,2
E2BD_YEAST,0.42,0.39,0.47,0.13,0.50,0.00,0.50,0.27,2
E2BE_YEAST,0.32,0.38,0.52,0.20,0.50,0.00,0.52,0.28,2
E2BB_YEAST,0.59,0.65,0.52,0.30,0.50,0.00,0.46,0.31,2
GCN1_YEAST,0.41,0.52,0.41,0.11,0.50,0.00,0.54,0.35,2
GCN2_YEAST,0.37,0.33,0.50,0.12,0.50,0.00,0.51,0.54,2
E2BA_YEAST,0.45,0.56,0.49,0.17,0.50,0.00,0.52,0.22,2
GCN4_YEAST,0.56,0.54,0.59,0.14,0.50,0.00,0.52,0.27,1
GCN5_YEAST,0.31,0.31,0.54,0.18,0.50,0.00,0.52,0.29,1
GCR1_YEAST,0.27,0.51,0.47,0.35,0.50,0.00,0.49,0.28,1
GCR2_YEAST,0.54,0.56,0.57,0.18,0.50,0.00,0.45,0.25,1
GCR3_YEAST,0.17,0.38,0.45,0.09,0.50,0.00,0.54,0.27,1
GCS1_YEAST,0.43,0.51,0.54,0.15,0.50,0.00,0.45,0.26,1
GCY_YEAST, 0.60,0.40,0.59,0.18,0.50,0.00,0.48,0.22,2
GDA1_YEAST,0.91,0.69,0.57,0.45,0.50,0.00,0.56,0.22,5
DHE4_YEAST,0.38,0.47,0.53,0.12,0.50,0.00,0.48,0.22,2
DHE2_YEAST,0.59,0.43,0.52,0.19,0.50,0.00,0.55,0.27,2
GDI1_YEAST,0.64,0.53,0.45,0.13,0.50,0.00,0.53,0.22,2
GEF1_YEAST,0.49,0.31,0.34,0.13,0.50,0.00,0.52,0.22,6
GFA1_YEAST,0.52,0.51,0.51,0.12,0.50,0.00,0.51,0.40,2
GLGB_YEAST,0.49,0.43,0.48,0.15,0.50,0.00,0.55,0.25,2
PP12_YEAST,0.49,0.47,0.52,0.16,0.50,0.00,0.53,0.28,2
HXKG_YEAST,0.48,0.39,0.49,0.18,0.50,0.00,0.51,0.22,2
GLNA_YEAST,0.44,0.34,0.55,0.18,0.50,0.00,0.52,0.22,2
GLN3_YEAST,0.43,0.54,0.58,0.16,0.50,0.00,0.50,0.36,1
SYQ_YEAST, 0.49,0.42,0.54,0.17,0.50,0.00,0.50,0.36,2
GLO3_YEAST,0.34,0.66,0.51,0.16,0.50,0.00,0.47,0.33,1
GLS1_YEAST,0.20,0.34,0.33,0.10,0.50,0.00,0.48,0.31,6
6PGD_YEAST,0.74,0.53,0.50,0.08,0.50,0.00,0.55,0.31,2
GOG5_YEAST,0.69,0.48,0.38,0.15,0.50,0.00,0.55,0.22,5
GBA1_YEAST,0.30,0.50,0.47,0.11,0.50,0.00,0.46,0.22,2
GPDA_YEAST,0.44,0.51,0.48,0.38,0.50,0.00,0.52,0.22,2
PHSG_YEAST,0.31,0.45,0.50,0.17,0.50,0.00,0.49,0.22,2
PMGY_YEAST,0.55,0.41,0.56,0.21,0.50,0.00,0.52,0.22,2
PHO2_YEAST,0.40,0.34,0.52,0.17,0.50,0.00,0.47,0.51,1
SYG_YEAST, 0.40,0.48,0.50,0.17,0.50,0.00,0.54,0.50,2
GSP1_YEAST,0.58,0.48,0.56,0.10,0.50,0.00,0.46,0.25,1
GSP2_YEAST,0.58,0.48,0.56,0.12,0.50,0.00,0.46,0.25,1
UGS1_YEAST,0.58,0.45,0.48,0.24,0.50,0.00,0.52,0.37,2
UGS2_YEAST,0.58,0.41,0.51,0.26,0.50,0.00,0.51,0.37,2
GTS1_YEAST,0.41,0.60,0.53,0.29,0.50,0.00,0.47,0.43,1
GPDM_YEAST,0.69,0.50,0.49,0.42,0.50,0.00,0.49,0.22,0
HAL1_YEAST,0.38,0.49,0.61,0.13,0.50,0.00,0.54,0.22,2
CYP1_YEAST,0.60,0.48,0.44,0.52,0.50,0.00,0.54,0.63,1
HAP2_YEAST,0.47,0.49,0.63,0.17,0.50,0.00,0.31,0.26,1
HAP3_YEAST,0.28,0.51,0.55,0.11,0.50,0.00,0.46,0.22,1
HAP4_YEAST,0.56,0.57,0.63,0.39,1.00,0.00,0.59,0.40,1
HBS1_YEAST,0.21,0.38,0.49,0.16,0.50,0.00,0.51,0.45,2
HCM1_YEAST,0.46,0.57,0.57,0.15,0.50,0.00,0.52,0.26,1
HDF1_YEAST,0.43,0.42,0.54,0.22,0.50,0.00,0.57,0.33,1
HEM1_YEAST,0.57,0.59,0.50,0.58,0.50,0.00,0.53,0.22,0
DCUP_YEAST,0.48,0.34,0.47,0.14,0.50,0.00,0.47,0.26,2
HEM6_YEAST,0.35,0.40,0.53,0.18,0.50,0.00,0.42,0.38,2
HEMZ_YEAST,0.47,0.45,0.53,0.62,0.50,0.00,0.46,0.22,0
HEM2_YEAST,0.53,0.43,0.47,0.15,0.50,0.00,0.58,0.22,2
HEM3_YEAST,0.46,0.45,0.56,0.16,0.50,0.00,0.56,0.22,2
HEX2_YEAST,0.44,0.42,0.62,0.14,0.50,0.00,0.55,0.37,1
H4_YEAST,,0.37,0.34,0.58,0.24,0.50,0.00,0.44,0.18,1
H4_YEAST,,0.37,0.34,0.58,0.24,0.50,0.00,0.44,0.18,1
H3_YEAST,,0.39,0.39,0.55,0.52,0.50,0.00,0.37,0.16,1
H3_YEAST,,0.39,0.39,0.55,0.52,0.50,0.00,0.37,0.16,1
HIP1_YEAST,0.48,0.46,0.38,0.29,0.50,0.00,0.53,0.22,6
HIR1_YEAST,0.48,0.57,0.50,0.09,0.50,0.00,0.52,0.42,1
HIR2_YEAST,0.61,0.57,0.45,0.21,0.50,0.00,0.50,0.42,1
HIS7_YEAST,0.56,0.44,0.56,0.19,0.50,0.00,0.54,0.22,2
HMD1_YEAST,0.51,0.63,0.30,0.35,0.50,0.00,0.53,0.27,6
HMD2_YEAST,0.53,0.68,0.34,0.42,0.50,0.00,0.54,0.27,6
MAT1_YEAST,0.37,0.22,0.64,0.35,0.50,0.00,0.47,0.22,1
MAT2_YEAST,0.51,0.48,0.58,0.22,0.50,0.00,0.50,0.28,1
MTA1_YEAST,0.49,0.37,0.59,0.17,0.50,0.00,0.51,0.22,1
MAT2_YEAST,0.51,0.48,0.58,0.22,0.50,0.00,0.50,0.28,1
HO_YEAST,,0.53,0.53,0.53,0.17,0.50,0.00,0.49,0.37,1
HOP1_YEAST,0.29,0.68,0.47,0.26,0.50,0.00,0.47,0.37,1
HPR1_YEAST,0.50,0.45,0.49,0.15,0.50,0.00,0.55,0.43,1
HXTY_YEAST,0.33,0.28,0.31,0.24,0.50,0.00,0.53,0.22,6
YJ64_YEAST,0.85,0.85,0.30,0.31,0.50,0.00,0.55,0.42,3
HR25_YEAST,0.43,0.39,0.51,0.28,0.50,0.00,0.40,0.22,1
HS83_YEAST,0.61,0.54,0.49,0.16,0.50,0.00,0.54,0.42,2
HSF_YEAST, 0.34,0.35,0.61,0.19,0.50,0.00,0.52,0.25,1
CH10_YEAST,0.55,0.53,0.56,0.29,0.50,0.00,0.48,0.22,0
H104_YEAST,0.66,0.62,0.52,0.17,0.50,0.00,0.49,0.22,2
HS26_YEAST,0.44,0.41,0.58,0.20,0.50,0.00,0.57,0.25,2
HS30_YEAST,0.37,0.62,0.34,0.25,0.50,0.00,0.51,0.22,6
HS60_YEAST,0.45,0.56,0.51,0.64,0.50,0.00,0.54,0.22,0
HSP7_YEAST,0.38,0.46,0.52,0.75,0.50,0.00,0.50,0.26,0
HS82_YEAST,0.61,0.54,0.49,0.19,0.50,0.00,0.54,0.47,2
H2A1_YEAST,0.44,0.53,0.52,0.37,0.50,0.00,0.50,0.22,1
H2A2_YEAST,0.44,0.53,0.52,0.37,0.50,0.00,0.50,0.22,1
H2B1_YEAST,0.32,0.34,0.61,0.17,0.50,0.00,0.52,0.32,1
H2B2_YEAST,0.34,0.34,0.61,0.18,0.50,0.00,0.52,0.32,1
SYH_YEAST, 0.51,0.68,0.49,0.59,0.50,0.00,0.54,0.27,0
HXKA_YEAST,0.41,0.30,0.49,0.28,0.50,0.00,0.54,0.22,2
HXKB_YEAST,0.41,0.43,0.50,0.28,0.50,0.00,0.50,0.22,2
HXT1_YEAST,0.30,0.50,0.34,0.26,0.50,0.00,0.51,0.22,6
HXT2_YEAST,0.49,0.40,0.34,0.26,0.50,0.00,0.50,0.22,6
HXT3_YEAST,0.34,0.40,0.30,0.23,0.50,0.00,0.51,0.22,6
HXT4_YEAST,0.43,0.44,0.30,0.18,0.50,0.00,0.51,0.22,6
HXT5_YEAST,0.43,0.45,0.37,0.12,0.50,0.00,0.48,0.22,6
HXT6_YEAST,0.45,0.57,0.30,0.17,0.50,0.00,0.51,0.22,6
HXT7_YEAST,0.45,0.57,0.30,0.17,0.50,0.00,0.51,0.22,6
HXT8_YEAST,0.42,0.44,0.33,0.17,0.50,0.00,0.54,0.27,6
ACEA_YEAST,0.52,0.50,0.53,0.10,0.50,0.00,0.48,0.22,8
IDH1_YEAST,0.53,0.56,0.49,0.46,0.50,0.00,0.52,0.22,0
IDH2_YEAST,0.45,0.54,0.54,0.62,0.50,0.00,0.53,0.22,0
IPPI_YEAST,0.51,0.43,0.63,0.18,0.50,0.00,0.52,0.22,2
IDHP_YEAST,0.51,0.52,0.48,0.50,0.50,0.00,0.51,0.22,0
IF2M_YEAST,0.55,0.49,0.50,0.46,0.50,0.00,0.52,0.25,0
SYI_YEAST, 0.50,0.46,0.52,0.16,0.50,0.00,0.52,0.26,2
THDH_YEAST,0.50,0.53,0.45,0.44,0.50,0.00,0.49,0.22,0
ILVB_YEAST,0.45,0.59,0.53,0.74,0.50,0.00,0.47,0.25,0
ILV5_YEAST,0.57,0.61,0.55,0.67,0.50,0.00,0.48,0.22,0
I3_YEAST,0.54,0.45,0.62,0.13,0.50,0.00,0.52,0.26,1
IMP1_YEAST,0.67,0.51,0.53,0.28,0.50,0.00,0.51,0.22,0
IMP2_YEAST,0.35,0.49,0.47,0.22,0.50,0.00,0.50,0.28,0
IATP_YEAST,0.47,0.63,0.66,0.45,0.50,0.00,0.37,0.11,0
INO1_YEAST,0.51,0.34,0.43,0.18,0.50,0.00,0.48,0.25,2
INO2_YEAST,0.56,0.45,0.59,0.14,0.50,0.00,0.51,0.26,1
INO4_YEAST,0.45,0.38,0.59,0.18,0.50,0.00,0.44,0.45,1
IPYR_YEAST,0.43,0.51,0.60,0.25,0.50,0.00,0.55,0.22,2
IRA1_YEAST,0.47,0.59,0.43,0.13,0.50,0.00,0.56,0.30,6
IRA2_YEAST,0.40,0.45,0.42,0.17,0.50,0.00,0.54,0.26,6
IRE1_YEAST,0.89,0.81,0.36,0.71,0.50,0.00,0.55,0.63,3
IS42_YEAST,0.58,0.55,0.52,0.22,0.50,0.00,0.44,0.22,0
ISP6_YEAST,0.59,0.57,0.46,0.14,0.50,0.00,0.52,0.22,0
ITR1_YEAST,0.49,0.41,0.32,0.21,0.50,0.00,0.50,0.32,6
ITR2_YEAST,0.35,0.53,0.35,0.33,0.50,0.00,0.50,0.32,6
IXR1_YEAST,0.42,0.32,0.61,0.13,0.50,0.00,0.14,0.27,1
YJ12_YEAST,0.50,0.46,0.42,0.32,0.50,0.00,0.56,0.55,6
YJ13_YEAST,0.68,0.50,0.43,0.27,0.50,0.00,0.61,0.22,5
YJ16_YEAST,0.50,0.45,0.49,0.30,0.50,0.00,0.47,0.40,1
ACOX_YEAST,0.46,0.41,0.50,0.44,0.50,0.00,0.53,0.22,0
YJ36_YEAST,0.32,0.36,0.34,0.19,0.50,0.00,0.55,0.26,6
YJ43_YEAST,0.40,0.51,0.42,0.13,0.50,0.00,0.45,0.25,6
YJ49_YEAST,0.70,0.73,0.37,0.37,0.50,0.00,0.48,0.31,3
YJ51_YEAST,0.81,0.76,0.32,0.37,0.50,0.00,0.51,0.22,5
YJ90_YEAST,0.65,0.61,0.39,0.30,0.50,0.00,0.57,0.28,6
YJ91_YEAST,0.47,0.43,0.35,0.32,0.50,0.00,0.54,0.22,6
JNM1_YEAST,0.42,0.25,0.60,0.14,0.50,0.00,0.45,0.22,2
KAR1_YEAST,0.23,0.34,0.41,0.28,0.50,0.00,0.50,0.27,1
GR78_YEAST,0.85,0.56,0.33,0.38,1.00,0.00,0.55,0.25,9
KAR3_YEAST,0.34,0.31,0.60,0.37,0.50,0.00,0.50,0.30,1
KEM1_YEAST,0.59,0.53,0.47,0.26,0.50,0.00,0.53,0.31,1
KEX1_YEAST,0.67,0.63,0.34,0.41,0.50,0.00,0.60,0.33,3
KEX2_YEAST,0.70,0.73,0.38,0.36,0.50,0.00,0.54,0.22,3
ODO1_YEAST,0.54,0.51,0.54,0.52,0.50,0.00,0.47,0.25,0
ODO2_YEAST,0.53,0.50,0.54,0.56,0.50,0.00,0.49,0.41,0
KHR1_YEAST,0.84,0.63,0.38,0.23,0.50,0.00,0.53,0.22,4
KHS1_YEAST,0.89,0.77,0.36,0.34,0.50,0.00,0.44,0.22,4
KIN1_YEAST,0.48,0.43,0.45,0.17,0.50,0.00,0.48,0.37,6
KIN2_YEAST,0.36,0.35,0.47,0.22,0.50,0.00,0.44,0.31,6
KI28_YEAST,0.57,0.49,0.48,0.16,0.50,0.00,0.51,0.22,1
KIP1_YEAST,0.43,0.52,0.53,0.52,1.00,0.00,0.49,0.22,2
KIP2_YEAST,0.38,0.49,0.54,1.00,0.50,0.00,0.50,0.27,2
SMI1_YEAST,0.43,0.32,0.56,0.27,0.50,0.00,0.47,0.27,1
KRE1_YEAST,0.84,0.87,0.45,0.54,0.50,0.00,0.28,0.22,3
KR11_YEAST,0.27,0.56,0.56,0.18,0.50,0.00,0.52,0.22,2
KRE2_YEAST,0.89,0.82,0.60,0.49,0.50,0.00,0.55,0.22,5
KRE5_YEAST,0.86,0.92,0.50,0.37,1.00,0.00,0.53,0.32,9
KRE6_YEAST,0.37,0.55,0.29,0.32,0.50,0.00,0.51,0.22,6
KRE9_YEAST,0.87,0.83,0.57,0.36,0.50,0.00,0.36,0.22,4
SYKC_YEAST,0.43,0.45,0.54,0.14,0.50,0.00,0.50,0.31,2
KSS1_YEAST,0.52,0.48,0.54,0.28,0.50,0.00,0.54,0.22,1
KTR1_YEAST,0.77,0.60,0.42,0.33,0.50,0.00,0.57,0.22,5
KTR2_YEAST,0.76,0.74,0.56,0.34,0.50,0.00,0.51,0.30,5
KTR3_YEAST,0.58,0.76,0.40,0.37,0.50,0.00,0.54,0.30,5
KTR4_YEAST,0.94,0.60,0.33,0.49,0.50,0.00,0.54,0.22,5
MSF1_YEAST,0.36,0.44,0.57,0.18,0.50,0.00,0.42,0.22,0
LAG1_YEAST,0.42,0.51,0.39,0.22,0.50,0.00,0.49,0.26,6
BLH1_YEAST,0.52,0.48,0.58,0.55,0.50,0.00,0.48,0.22,2
AMPL_YEAST,0.42,0.32,0.48,0.16,0.50,0.00,0.55,0.22,7
LAS1_YEAST,0.43,0.38,0.51,0.24,0.50,0.00,0.46,0.33,1
ODP2_YEAST,0.48,0.57,0.52,0.61,0.50,0.00,0.51,0.22,0
LCB1_YEAST,0.83,0.53,0.52,0.20,0.50,0.00,0.48,0.25,5
LCB2_YEAST,0.36,0.34,0.46,0.19,0.50,0.00,0.52,0.22,5
LEU2_YEAST,0.51,0.43,0.47,0.19,0.50,0.00,0.52,0.37,2
LEU3_YEAST,0.54,0.54,0.49,0.14,0.50,0.00,0.56,0.22,2
LEUR_YEAST,0.44,0.41,0.44,0.13,0.50,0.00,0.49,0.42,1
LEU1_YEAST,0.52,0.62,0.54,0.19,0.50,0.00,0.50,0.22,0
LGT3_YEAST,0.46,0.40,0.38,0.18,0.50,0.00,0.49,0.22,6
LIP5_YEAST,0.68,0.50,0.55,0.65,0.50,0.00,0.46,0.31,0
LOS1_YEAST,0.53,0.44,0.47,0.22,0.50,0.00,0.53,0.22,1
DLDH_YEAST,0.48,0.48,0.50,0.47,0.50,0.00,0.55,0.22,0
LYP1_YEAST,0.46,0.14,0.36,0.21,0.50,0.00,0.50,0.25,6
LYS1_YEAST,0.50,0.45,0.48,0.17,0.50,0.00,0.50,0.26,2
LY14_YEAST,0.44,0.53,0.43,0.17,0.50,0.00,0.54,0.75,1
LYS2_YEAST,0.46,0.47,0.46,0.16,0.50,0.00,0.51,0.22,2
MAC1_YEAST,0.52,0.49,0.57,0.57,0.50,0.00,0.51,0.22,1
MAD1_YEAST,0.62,0.64,0.56,0.20,0.50,0.00,0.48,0.33,1
MAG_YEAST, 0.46,0.32,0.58,0.17,0.50,0.00,0.61,0.25,1
MK11_YEAST,0.78,0.48,0.47,0.30,0.50,0.00,0.53,0.47,5
MK16_YEAST,0.49,0.62,0.65,0.18,0.50,0.00,0.46,0.43,1
MAK3_YEAST,0.50,0.34,0.62,0.19,0.50,0.00,0.57,0.22,2
MA3T_YEAST,0.39,0.37,0.33,0.23,0.50,0.00,0.53,0.26,6
MA3S_YEAST,0.39,0.37,0.56,0.15,0.50,0.00,0.50,0.27,2
MA3R_YEAST,0.33,0.37,0.54,0.28,0.50,0.00,0.53,0.27,1
MA6T_YEAST,0.39,0.37,0.33,0.23,0.50,0.00,0.52,0.26,6
MA6R_YEAST,0.33,0.38,0.53,0.26,0.50,0.00,0.52,0.27,1
AMPM_YEAST,0.48,0.51,0.57,0.24,0.50,0.00,0.50,0.22,2
MPP2_YEAST,0.50,0.62,0.54,0.66,0.50,0.00,0.49,0.22,0
MPP1_YEAST,0.47,0.54,0.54,0.48,0.50,0.00,0.53,0.26,0
OM20_YEAST,0.72,0.58,0.42,0.28,0.50,0.00,0.48,0.22,0
MAS6_YEAST,0.41,0.41,0.51,0.19,0.50,0.00,0.57,0.22,0
OM70_YEAST,0.81,0.65,0.52,0.41,0.50,0.00,0.57,0.26,0
MBP1_YEAST,0.50,0.49,0.52,0.20,0.50,0.00,0.43,0.52,1
MCM1_YEAST,0.18,0.48,0.46,0.12,0.50,0.00,0.00,0.25,1
MCM2_YEAST,0.26,0.38,0.52,0.36,0.50,0.00,0.48,0.56,1
MCM3_YEAST,0.53,0.51,0.51,0.11,0.50,0.00,0.49,0.41,1
MDHM_YEAST,0.58,0.49,0.50,0.41,0.50,0.00,0.57,0.22,0
MDHC_YEAST,0.62,0.60,0.47,0.16,0.50,0.00,0.53,0.22,2
MDHP_YEAST,0.68,0.58,0.51,0.19,0.50,0.83,0.54,0.22,8
MDJ1_YEAST,0.40,0.52,0.53,0.52,0.50,0.00,0.51,0.22,0
MDL1_YEAST,0.51,0.47,0.41,0.44,0.50,0.00,0.50,0.22,6
MDL2_YEAST,0.72,0.56,0.40,0.26,0.50,0.00,0.51,0.26,5
MDM1_YEAST,0.49,0.44,0.45,0.22,0.50,0.00,0.51,0.22,2
MD10_YEAST,0.32,0.47,0.55,0.25,0.50,0.00,0.49,0.22,0
MDS1_YEAST,0.46,0.57,0.52,0.28,0.50,0.00,0.52,0.22,1
EFG1_YEAST,0.53,0.48,0.45,0.44,0.50,0.00,0.49,0.27,0
EFG2_YEAST,0.49,0.48,0.46,0.63,0.50,0.00,0.52,0.22,0
MEIX_YEAST,0.70,0.53,0.42,0.22,0.50,0.00,0.51,0.28,1
AGAL_YEAST,0.68,0.68,0.49,0.15,0.50,0.00,0.53,0.22,4
MEP1_YEAST,0.47,0.60,0.35,0.21,0.50,0.00,0.52,0.22,6
MER1_YEAST,0.55,0.49,0.45,0.18,0.50,0.00,0.49,0.22,1
MER2_YEAST,0.40,0.53,0.61,0.21,0.50,0.00,0.48,0.33,1
SYMC_YEAST,0.57,0.44,0.42,0.20,0.50,0.00,0.54,0.22,2
MET2_YEAST,0.40,0.47,0.48,0.18,0.50,0.00,0.46,0.22,2
MT17_YEAST,0.34,0.54,0.54,0.13,0.50,0.00,0.52,0.22,2
MT28_YEAST,0.43,0.83,0.55,0.20,0.50,0.00,0.47,0.40,1
MET4_YEAST,0.55,0.65,0.50,0.28,0.50,0.00,0.55,0.22,1
METE_YEAST,0.29,0.46,0.54,0.27,0.50,0.00,0.49,0.22,2
MFA2_YEAST,0.46,0.42,0.60,0.21,0.50,0.00,0.40,0.22,4
MFA3_YEAST,0.80,0.81,0.55,0.35,0.50,0.00,0.42,0.22,4
MFA4_YEAST,0.79,0.74,0.49,0.33,0.50,0.00,0.48,0.22,4
GRPE_YEAST,0.45,0.48,0.63,0.67,0.50,0.00,0.48,0.22,0
MGM1_YEAST,0.66,0.52,0.52,0.44,0.50,0.00,0.56,0.27,0
M101_YEAST,0.50,0.49,0.59,0.47,0.50,0.00,0.49,0.36,0
MGMT_YEAST,0.54,0.52,0.54,0.20,0.50,0.00,0.55,0.25,1
MIF2_YEAST,0.37,0.31,0.53,0.16,0.50,0.00,0.53,0.44,1
MIG1_YEAST,0.43,0.39,0.59,0.13,0.50,0.00,0.41,0.43,1
DPOG_YEAST,0.48,0.47,0.54,0.55,0.50,0.00,0.51,0.65,0
MPCP_YEAST,0.60,0.59,0.45,0.23,0.50,0.00,0.55,0.22,0
C1TM_YEAST,0.45,0.73,0.47,0.65,0.50,0.00,0.54,0.43,0
MLH1_YEAST,0.66,0.54,0.49,0.16,0.50,0.00,0.54,0.36,1
MLP1_YEAST,0.46,0.55,0.61,0.13,0.50,0.00,0.47,0.22,2
MASY_YEAST,0.42,0.50,0.53,0.22,0.50,0.83,0.50,0.22,8
MNN1_YEAST,0.66,0.66,0.32,0.54,0.50,0.00,0.51,0.22,5
MNN9_YEAST,0.74,0.56,0.35,0.36,0.50,0.00,0.51,0.25,5
MNS1_YEAST,0.89,0.52,0.41,0.26,0.50,0.00,0.52,0.31,5
MOD5_YEAST,0.67,0.51,0.54,0.21,0.50,0.00,0.43,0.30,0
MOT1_YEAST,0.58,0.46,0.46,0.34,0.50,0.00,0.50,0.43,1
MPI1_YEAST,0.40,0.68,0.50,0.82,0.50,0.00,0.44,0.36,0
MPI2_YEAST,0.59,0.57,0.43,0.26,0.50,0.00,0.51,0.22,0
MR11_YEAST,0.39,0.30,0.56,0.12,0.50,0.00,0.53,0.38,1
RF1M_YEAST,0.60,0.62,0.54,0.40,0.50,0.00,0.50,0.22,0
RT01_YEAST,0.36,0.40,0.53,0.48,0.50,0.00,0.48,0.22,0
RT13_YEAST,0.51,0.42,0.56,0.38,0.50,0.00,0.46,0.22,0
RT17_YEAST,0.41,0.54,0.58,0.20,0.50,0.00,0.52,0.22,0
RT02_YEAST,0.57,0.40,0.62,0.30,0.50,0.00,0.48,0.11,0
RM41_YEAST,0.52,0.50,0.59,0.31,0.50,0.00,0.50,0.22,0
RT04_YEAST,0.42,0.53,0.53,0.64,0.50,0.00,0.47,0.22,0
RM49_YEAST,0.50,0.46,0.64,0.36,0.50,0.00,0.49,0.22,0
RM02_YEAST,0.60,0.51,0.60,0.38,0.50,0.83,0.52,0.24,0
RT08_YEAST,0.45,0.38,0.64,0.14,0.50,0.00,0.54,0.22,0
RM13_YEAST,0.60,0.57,0.64,0.52,0.50,0.00,0.47,0.28,0
RM16_YEAST,0.53,0.42,0.58,0.29,0.50,0.00,0.50,0.22,0
RM20_YEAST,0.41,0.52,0.53,0.41,0.50,0.00,0.39,0.33,0
RM25_YEAST,0.45,0.43,0.63,0.40,0.50,0.00,0.59,0.11,0
RM27_YEAST,0.44,0.44,0.67,0.35,0.50,0.00,0.48,0.26,0
RM31_YEAST,0.58,0.52,0.61,0.33,0.50,0.00,0.38,0.11,0
RM32_YEAST,0.57,0.61,0.55,0.27,0.50,0.00,0.44,0.21,0
RM33_YEAST,0.57,0.58,0.58,0.35,0.50,0.00,0.49,0.22,0
RM36_YEAST,0.64,0.64,0.56,0.21,0.50,0.00,0.50,0.22,0
RM37_YEAST,0.56,0.50,0.61,0.49,0.50,0.00,0.46,0.28,0
RM38_YEAST,0.60,0.46,0.59,0.16,0.50,0.00,0.49,0.22,0
RM04_YEAST,0.36,0.38,0.56,0.44,0.50,0.00,0.48,0.22,0
RM44_YEAST,0.53,0.52,0.61,0.35,0.50,0.00,0.50,0.22,0
RM06_YEAST,0.62,0.59,0.54,0.47,0.50,0.00,0.46,0.22,0
RM08_YEAST,0.55,0.50,0.60,0.31,0.50,0.00,0.46,0.27,0
RM09_YEAST,0.58,0.53,0.57,0.46,0.50,0.00,0.51,0.27,0
RT28_YEAST,0.65,0.53,0.55,0.52,0.50,0.00,0.47,0.27,0
RT05_YEAST,0.38,0.54,0.54,0.41,0.50,0.00,0.51,0.22,0
RT09_YEAST,0.58,0.53,0.50,0.53,0.50,0.00,0.47,0.31,0
MRS1_YEAST,0.61,0.46,0.51,0.37,0.50,0.00,0.51,0.22,0
MRS2_YEAST,0.55,0.59,0.47,0.64,0.50,0.00,0.54,0.33,0
MRS3_YEAST,0.54,0.64,0.50,0.13,0.50,0.00,0.49,0.22,0
MRS4_YEAST,0.40,0.74,0.49,0.16,0.50,0.00,0.51,0.22,0
MSB2_YEAST,0.76,0.76,0.35,0.27,0.50,0.00,0.44,0.22,3
SYDM_YEAST,0.51,0.56,0.51,0.42,0.50,0.00,0.53,0.36,0
SYFM_YEAST,0.43,0.32,0.50,0.29,0.50,0.00,0.50,0.22,0
MSH1_YEAST,0.49,0.44,0.45,0.55,0.50,0.00,0.48,0.22,0
MSH2_YEAST,0.32,0.45,0.44,0.20,0.50,0.00,0.55,0.33,1
MSH3_YEAST,0.51,0.60,0.51,0.26,0.50,0.00,0.54,0.22,1
MSH4_YEAST,0.49,0.46,0.42,0.46,0.50,0.00,0.55,0.22,1
SYKM_YEAST,0.50,0.56,0.49,0.61,0.50,0.00,0.50,0.22,0
SYMM_YEAST,0.51,0.48,0.51,0.43,0.50,0.00,0.49,0.22,0
MSN1_YEAST,0.52,0.38,0.62,0.12,0.50,0.00,0.41,0.28,1
MSN2_YEAST,0.53,0.40,0.57,0.12,0.50,0.00,0.53,0.32,1
MSN4_YEAST,0.51,0.56,0.62,0.24,0.50,0.00,0.52,0.51,1
MSP1_YEAST,0.63,0.60,0.50,0.27,0.50,0.00,0.55,0.22,0
SYR_YEAST, 0.46,0.44,0.53,0.31,0.50,0.00,0.48,0.22,0
MSS1_YEAST,0.58,0.57,0.54,0.69,0.50,0.00,0.54,0.22,0
MS16_YEAST,0.61,0.59,0.47,0.49,0.50,0.00,0.54,0.22,0
MS18_YEAST,0.63,0.47,0.56,0.12,0.50,0.00,0.50,0.22,0
MS51_YEAST,0.55,0.53,0.54,0.40,0.50,0.00,0.48,0.22,0
SYTM_YEAST,0.41,0.47,0.58,0.62,0.50,0.00,0.50,0.22,0
SYWM_YEAST,0.44,0.53,0.53,0.37,0.50,0.00,0.51,0.22,0
MTD1_YEAST,0.57,0.40,0.48,0.24,0.50,0.00,0.55,0.22,2
MTF1_YEAST,0.46,0.46,0.56,0.12,0.50,0.00,0.55,0.22,0
RU1A_YEAST,0.47,0.46,0.55,0.28,0.50,0.00,0.44,0.46,1
YKH4_YEAST,0.39,0.35,0.49,0.17,0.50,0.00,0.49,0.22,1
MYS1_YEAST,0.58,0.38,0.40,0.21,0.50,0.00,0.50,0.22,2
MYS2_YEAST,0.53,0.41,0.50,0.24,1.00,0.00,0.47,0.22,2
MYS4_YEAST,0.43,0.40,0.50,0.18,0.50,0.00,0.50,0.28,2
YN19_YEAST,0.41,0.59,0.46,0.19,0.50,0.00,0.36,0.22,4
YN46_YEAST,0.58,0.56,0.52,0.25,0.50,0.00,0.57,0.35,1
YN70_YEAST,0.51,0.65,0.53,0.19,0.50,0.00,0.49,0.22,4
YN94_YEAST,0.81,0.79,0.32,0.37,0.50,0.00,0.41,0.22,3
YNE2_YEAST,0.44,0.41,0.29,0.21,0.50,0.00,0.49,0.22,6
NAB1_YEAST,0.49,0.60,0.55,0.17,0.50,0.00,0.44,0.22,2
NAB2_YEAST,0.56,0.63,0.52,0.20,0.50,0.00,0.34,0.26,1
NAB3_YEAST,0.42,0.28,0.57,0.18,0.50,0.00,0.42,0.22,1
NAM1_YEAST,0.51,0.46,0.54,0.41,0.50,0.00,0.53,0.22,0
SYLM_YEAST,0.60,0.51,0.52,0.45,0.50,0.00,0.50,0.27,0
NAM7_YEAST,0.37,0.41,0.45,0.14,0.50,0.00,0.47,0.22,2
NAM9_YEAST,0.37,0.51,0.57,0.40,0.50,0.00,0.48,0.27,0
NAP1_YEAST,0.36,0.39,0.55,0.26,0.50,0.00,0.49,0.22,1
NAT1_YEAST,0.50,0.36,0.53,0.41,0.50,0.00,0.55,0.36,2
NAT2_YEAST,0.59,0.58,0.39,0.52,0.50,0.00,0.50,0.31,2
NCPR_YEAST,0.78,0.63,0.53,0.13,0.50,0.00,0.54,0.22,5
NDC1_YEAST,0.47,0.59,0.37,0.31,0.50,0.00,0.51,0.36,1
CB31_YEAST,0.48,0.62,0.52,0.30,0.50,0.00,0.51,0.37,1
NDI1_YEAST,0.53,0.61,0.51,0.49,0.50,0.00,0.54,0.27,0
NFS1_YEAST,0.48,0.54,0.53,0.60,0.50,0.00,0.53,0.31,1
ADA3_YEAST,0.33,0.46,0.53,0.29,0.50,0.00,0.50,0.55,1
NHP2_YEAST,0.36,0.44,0.51,0.17,0.50,0.00,0.60,0.19,1
NHPA_YEAST,0.39,0.34,0.68,0.30,0.50,0.00,0.50,0.29,1
NHPB_YEAST,0.11,0.41,0.67,0.13,0.50,0.00,0.45,0.29,1
NI96_YEAST,0.40,0.53,0.44,0.18,0.50,0.00,0.54,0.31,1
NIN1_YEAST,0.47,0.50,0.55,0.19,0.50,0.00,0.62,0.22,2
NIP1_YEAST,0.35,0.50,0.44,0.27,0.50,0.00,0.51,0.22,2
NMD2_YEAST,0.36,0.30,0.50,0.19,0.50,0.00,0.55,0.30,1
NMT_YEAST, 0.49,0.44,0.51,0.18,0.50,0.00,0.52,0.27,2
FBRL_YEAST,0.35,0.44,0.54,0.26,0.50,0.00,0.52,0.26,1
NOP2_YEAST,0.43,0.28,0.53,0.34,0.50,0.00,0.55,0.57,1
NOP4_YEAST,0.33,0.48,0.55,0.16,0.50,0.00,0.53,0.75,1
NOT3_YEAST,0.45,0.21,0.49,0.24,0.50,0.00,0.46,0.31,1
NOP3_YEAST,0.44,0.34,0.61,0.13,0.50,0.00,0.49,0.26,1
NSP1_YEAST,0.87,0.47,0.60,0.47,0.50,0.00,0.59,0.22,1
NSR1_YEAST,0.30,0.55,0.58,0.16,0.50,0.00,0.61,0.28,1
TREA_YEAST,0.29,0.34,0.55,0.24,0.50,0.00,0.51,0.22,2
11_YEAST,0.75,0.67,0.51,0.29,0.50,0.00,0.52,0.36,0
RNC1_YEAST,0.47,0.47,0.50,0.15,0.50,0.00,0.50,0.48,1
NUF1_YEAST,0.51,0.34,0.49,0.16,0.50,0.00,0.53,0.21,1
NUF2_YEAST,0.64,0.76,0.51,0.18,0.50,0.00,0.46,0.22,1
NUP1_YEAST,0.45,0.41,0.58,0.48,0.50,0.00,0.53,0.64,1
N100_YEAST,0.90,0.54,0.59,0.20,0.50,0.00,0.48,0.22,1
N116_YEAST,0.88,0.59,0.54,0.39,0.50,0.00,0.41,0.30,1
YK62_YEAST,0.70,0.51,0.47,0.24,0.50,0.00,0.53,0.25,1
NUP2_YEAST,0.25,0.36,0.58,0.30,0.50,0.00,0.58,0.31,1
NU49_YEAST,0.69,0.62,0.49,0.00,1.00,0.00,0.47,0.22,1
OCH1_YEAST,0.83,0.57,0.42,0.57,0.50,0.00,0.50,0.32,5
ACO1_YEAST,0.43,0.38,0.38,0.12,0.50,0.00,0.50,0.22,5
ATP9_YEAST,0.78,0.65,0.40,0.16,0.50,0.00,0.63,0.22,0
ATP6_YEAST,0.52,0.64,0.34,0.16,0.50,0.00,0.57,0.22,0
OM45_YEAST,0.75,0.66,0.64,0.39,0.50,0.00,0.46,0.32,0
PORI_YEAST,0.41,0.49,0.58,0.22,0.50,0.00,0.52,0.22,0
OPI1_YEAST,0.58,0.51,0.56,0.16,0.50,0.00,0.34,0.22,1
PEM2_YEAST,0.48,0.49,0.45,0.23,0.50,0.00,0.51,0.22,6
ORC2_YEAST,0.39,0.42,0.49,0.10,0.50,0.00,0.49,0.65,1
YHR8_YEAST,0.31,0.42,0.48,0.17,0.50,0.00,0.49,0.53,1
YM38_YEAST,0.39,0.28,0.54,0.14,0.50,0.00,0.59,0.22,0
YINO_YEAST,0.76,0.67,0.37,0.22,0.50,0.00,0.54,0.22,5
YDA2_YEAST,0.49,0.27,0.57,0.18,0.50,0.83,0.54,0.22,8
PABP_YEAST,0.28,0.48,0.56,0.16,0.50,0.00,0.48,0.26,2
PAN1_YEAST,0.69,0.39,0.52,0.12,0.50,0.00,0.38,0.35,2
PAP_YEAST, 0.64,0.52,0.50,0.26,0.50,0.00,0.51,0.31,1
PAS1_YEAST,0.56,0.48,0.50,0.30,0.50,0.00,0.51,0.22,2
PTSR_YEAST,0.50,0.50,0.54,0.16,0.50,0.00,0.49,0.22,8
UBCX_YEAST,0.47,0.43,0.59,0.27,0.50,0.00,0.55,0.22,8
PAS3_YEAST,0.68,0.59,0.44,0.49,0.50,0.00,0.40,0.26,8
PAS7_YEAST,0.50,0.51,0.57,0.27,0.50,0.00,0.48,0.22,8
IPB2_YEAST,0.45,0.46,0.61,0.20,0.50,0.00,0.62,0.22,2
ATC2_YEAST,0.53,0.51,0.36,0.13,0.50,0.00,0.52,0.22,6
ODPA_YEAST,0.60,0.54,0.54,0.53,0.50,0.00,0.52,0.27,0
ODPB_YEAST,0.49,0.52,0.53,0.70,0.50,0.00,0.51,0.22,0
DCP1_YEAST,0.49,0.45,0.53,0.16,0.50,0.00,0.49,0.31,2
PDC2_YEAST,0.51,0.46,0.57,0.25,0.50,0.00,0.53,0.22,2
DCP2_YEAST,0.49,0.45,0.46,0.18,0.50,0.00,0.49,0.31,2
DCP3_YEAST,0.52,0.46,0.51,0.18,0.50,0.00,0.50,0.22,2
CNA1_YEAST,0.55,0.59,0.52,0.10,0.50,0.00,0.53,0.22,2
CNA2_YEAST,0.39,0.58,0.50,0.10,0.50,0.00,0.51,0.25,2
PDI_YEAST, 0.70,0.84,0.49,0.28,1.00,0.00,0.58,0.22,9
PDR1_YEAST,0.33,0.38,0.45,0.19,0.50,0.00,0.54,0.37,1
PDR3_YEAST,0.61,0.46,0.44,0.47,0.50,0.00,0.50,0.37,1
PDR5_YEAST,0.41,0.48,0.38,0.13,0.50,0.00,0.51,0.35,6
PDS1_YEAST,0.37,0.42,0.60,0.13,0.50,0.00,0.51,0.22,1
ODPX_YEAST,0.45,0.58,0.59,0.44,0.50,0.00,0.56,0.22,0
PEP1_YEAST,0.74,0.89,0.32,0.24,0.50,0.00,0.54,0.32,3
PE12_YEAST,0.28,0.46,0.26,0.18,0.50,0.00,0.39,0.22,7
PEP3_YEAST,0.51,0.46,0.49,0.21,0.50,0.00,0.55,0.22,7
CARP_YEAST,0.80,0.82,0.57,0.26,0.50,0.00,0.57,0.27,7
END1_YEAST,0.46,0.49,0.45,0.28,0.50,0.00,0.55,0.22,7
PEP8_YEAST,0.40,0.36,0.55,0.15,0.50,0.00,0.53,0.22,7
PES4_YEAST,0.67,0.46,0.58,0.30,0.50,0.00,0.57,0.27,1
PT11_YEAST,0.50,0.32,0.49,0.49,0.50,0.00,0.48,0.32,0
PT12_YEAST,0.45,0.53,0.47,0.43,0.50,0.00,0.50,0.27,0
PT17_YEAST,0.75,0.60,0.43,0.35,0.50,0.00,0.45,0.27,0
PT22_YEAST,0.56,0.68,0.52,0.39,0.50,0.00,0.36,0.22,0
RTPT_YEAST,0.48,0.45,0.59,0.35,0.50,0.00,0.55,0.30,0
PT27_YEAST,0.26,0.28,0.60,0.20,0.50,0.00,0.54,0.31,0
PT91_YEAST,0.59,0.45,0.58,0.21,0.50,0.00,0.49,0.22,0
PT09_YEAST,0.48,0.52,0.49,0.35,0.50,0.50,0.51,0.22,0
PT94_YEAST,0.59,0.58,0.47,0.61,0.50,0.00,0.44,0.30,0
PT54_YEAST,0.50,0.57,0.62,0.25,0.50,0.00,0.51,0.22,0
K6P1_YEAST,0.57,0.49,0.50,0.20,0.50,0.00,0.51,0.28,2
K6P2_YEAST,0.62,0.43,0.49,0.29,0.50,0.00,0.50,0.27,2
6P2K_YEAST,0.45,0.41,0.49,0.14,1.00,0.00,0.53,0.30,2
PROF_YEAST,0.47,0.49,0.60,0.15,0.50,0.00,0.38,0.22,2
PGD1_YEAST,0.41,0.48,0.54,0.24,0.50,0.00,0.37,0.51,1
G6PI_YEAST,0.46,0.46,0.53,0.23,0.50,0.00,0.51,0.22,2
PGK_YEAST, 0.48,0.42,0.48,0.19,0.50,0.00,0.58,0.22,2
PGM1_YEAST,0.43,0.45,0.53,0.19,0.50,0.00,0.56,0.22,2
PGM2_YEAST,0.28,0.36,0.55,0.15,0.50,0.00,0.57,0.22,2
PHD1_YEAST,0.48,0.46,0.58,0.26,0.50,0.00,0.44,0.22,1
PPAB_YEAST,0.74,0.72,0.50,0.28,0.50,0.00,0.50,0.27,4
PPAC_YEAST,0.74,0.72,0.50,0.28,0.50,0.00,0.49,0.27,4
PNPP_YEAST,0.38,0.62,0.52,0.14,0.50,0.00,0.53,0.22,2
PPA3_YEAST,0.77,0.72,0.48,0.26,0.50,0.00,0.51,0.22,4
PHO4_YEAST,0.44,0.42,0.57,0.22,0.50,0.00,0.50,0.25,1
PPA5_YEAST,0.74,0.74,0.51,0.27,0.50,0.00,0.50,0.22,4
PPB_YEAST, 0.39,0.81,0.35,0.28,0.50,0.00,0.51,0.45,6
PH80_YEAST,0.53,0.54,0.43,0.18,0.50,0.00,0.53,0.31,1
PH84_YEAST,0.38,0.45,0.37,0.19,0.50,0.00,0.52,0.30,6
PH85_YEAST,0.40,0.37,0.54,0.13,0.50,0.00,0.48,0.22,1
YCS7_YEAST,0.31,0.30,0.34,0.19,0.50,0.00,0.55,0.30,6
PHR_YEAST, 0.50,0.42,0.57,0.49,0.50,0.00,0.48,0.27,1
PIF1_YEAST,0.59,0.61,0.51,0.62,0.50,0.00,0.51,0.38,0
PIK1_YEAST,0.45,0.40,0.43,0.22,0.50,0.00,0.51,0.48,1
LONM_YEAST,0.47,0.54,0.53,0.77,0.50,0.00,0.52,0.36,0
PIR1_YEAST,0.77,0.78,0.51,0.28,0.50,0.00,0.33,0.22,4
H150_YEAST,0.74,0.71,0.52,0.30,0.50,0.00,0.27,0.22,4
PIR3_YEAST,0.77,0.73,0.51,0.27,0.50,0.00,0.34,0.22,4
PIS_YEAST, 0.47,0.61,0.50,0.23,0.50,0.00,0.49,0.22,6
PLB1_YEAST,0.78,0.69,0.44,0.26,0.50,0.00,0.54,0.22,3
ATH1_YEAST,0.49,0.60,0.30,0.34,0.50,0.00,0.50,0.43,6
ATH2_YEAST,0.27,0.56,0.30,0.14,0.50,0.00,0.52,0.39,6
ATC3_YEAST,0.40,0.39,0.33,0.17,0.50,0.00,0.51,0.31,7
MANA_YEAST,0.55,0.51,0.54,0.20,0.50,0.00,0.56,0.22,2
PMP1_YEAST,0.95,0.71,0.27,0.39,0.50,0.00,0.31,0.22,5
PMP2_YEAST,0.97,0.71,0.29,0.42,0.50,0.00,0.35,0.22,5
ATC1_YEAST,0.44,0.43,0.34,0.21,0.50,0.00,0.55,0.40,6
ATN1_YEAST,0.39,0.49,0.30,0.19,0.50,0.00,0.52,0.31,6
PMS1_YEAST,0.38,0.48,0.51,0.13,0.50,0.00,0.50,0.32,1
PMT1_YEAST,0.37,0.51,0.39,0.18,0.50,0.00,0.51,0.27,6
PMT2_YEAST,0.27,0.49,0.36,0.26,0.50,0.00,0.49,0.26,6
POB1_YEAST,0.49,0.48,0.52,0.20,0.50,0.00,0.55,0.22,1
DPOA_YEAST,0.36,0.39,0.54,0.16,0.50,0.00,0.50,0.28,1
DPO2_YEAST,0.54,0.53,0.48,0.14,0.50,0.00,0.49,0.33,1
DPOE_YEAST,0.37,0.48,0.50,0.26,0.50,0.00,0.52,0.39,1
DPOD_YEAST,0.25,0.39,0.50,0.23,0.50,0.00,0.50,0.28,1
PCNA_YEAST,0.49,0.71,0.54,0.13,0.50,0.00,0.58,0.22,1
DPO4_YEAST,0.56,0.50,0.56,0.26,0.50,0.00,0.53,0.27,1
P152_YEAST,0.41,0.53,0.41,0.15,0.50,0.00,0.54,0.25,1
POP2_YEAST,0.50,0.45,0.53,0.21,0.50,0.00,0.28,0.22,1
CAO_YEAST, 0.46,0.37,0.48,0.36,0.50,0.00,0.48,0.22,8
PPA1_YEAST,0.66,0.55,0.34,0.20,0.50,0.00,0.62,0.22,6
IPY2_YEAST,0.42,0.65,0.58,0.34,0.50,0.00,0.50,0.22,0
PPCK_YEAST,0.45,0.47,0.53,0.15,0.50,0.00,0.52,0.27,2
PPR1_YEAST,0.42,0.28,0.51,0.23,0.50,0.00,0.53,0.27,1
PPX1_YEAST,0.51,0.48,0.46,0.29,0.50,0.00,0.54,0.22,2
PRTB_YEAST,0.75,0.69,0.48,0.13,0.50,0.00,0.57,0.40,7
CBPY_YEAST,0.69,0.70,0.50,0.30,0.50,0.00,0.54,0.22,7
PRTD_YEAST,0.63,0.55,0.53,0.51,0.50,0.00,0.55,0.22,7
PRCG_YEAST,0.55,0.63,0.54,0.16,0.50,0.00,0.45,0.27,2
PRCE_YEAST,0.46,0.62,0.54,0.25,0.50,0.00,0.46,0.22,2
PRCD_YEAST,0.53,0.59,0.48,0.14,0.50,0.00,0.51,0.22,2
PRCH_YEAST,0.42,0.53,0.57,0.17,0.50,0.00,0.49,0.22,2
PRC2_YEAST,0.52,0.46,0.56,0.20,0.50,0.00,0.50,0.22,2
PRC6_YEAST,0.53,0.43,0.57,0.24,0.50,0.00,0.39,0.28,2
PRI1_YEAST,0.33,0.35,0.56,0.19,0.50,0.00,0.50,0.22,1
PRI2_YEAST,0.45,0.48,0.56,0.56,0.50,0.00,0.47,0.22,1
PROB_YEAST,0.56,0.48,0.50,0.17,0.50,0.00,0.51,0.26,2
PROC_YEAST,0.77,0.57,0.45,0.17,0.50,0.00,0.53,0.22,2
PR16_YEAST,0.56,0.59,0.54,0.18,0.50,0.00,0.48,0.46,1
PR18_YEAST,0.33,0.39,0.52,0.09,0.50,0.00,0.47,0.28,1
PR19_YEAST,0.48,0.41,0.54,0.39,0.50,0.00,0.51,0.22,1
PR02_YEAST,0.30,0.30,0.46,0.32,0.50,0.00,0.45,0.22,1
PR21_YEAST,0.38,0.26,0.60,0.10,0.50,0.00,0.48,0.44,1
PR22_YEAST,0.68,0.39,0.50,0.15,0.50,0.00,0.48,0.37,1
PR28_YEAST,0.62,0.41,0.52,0.17,0.50,0.00,0.48,0.22,1
PR38_YEAST,0.52,0.37,0.48,0.13,0.50,0.00,0.55,0.22,1
PR39_YEAST,0.32,0.48,0.49,0.17,0.50,0.00,0.47,0.22,1
PR04_YEAST,0.34,0.35,0.58,0.20,0.50,0.00,0.46,0.32,1
PR05_YEAST,0.33,0.21,0.53,0.15,1.00,0.00,0.52,0.50,1
PR06_YEAST,0.49,0.45,0.57,0.24,0.50,0.00,0.47,0.38,1
PR08_YEAST,0.40,0.28,0.48,0.06,0.50,0.00,0.49,0.42,1
PR09_YEAST,0.51,0.39,0.56,0.25,0.50,0.00,0.51,0.33,1
PRC8_YEAST,0.45,0.45,0.52,0.17,0.50,0.00,0.54,0.22,2
PRC5_YEAST,0.28,0.51,0.55,0.19,0.50,0.00,0.57,0.22,2
PRC3_YEAST,0.51,0.51,0.56,0.28,0.50,0.00,0.54,0.27,2
PRC9_YEAST,0.48,0.56,0.49,0.32,0.50,0.00,0.50,0.22,2
PRT1_YEAST,0.59,0.46,0.48,0.46,0.50,0.00,0.49,0.22,2
DPSD_YEAST,0.51,0.46,0.40,0.65,0.50,0.00,0.49,0.22,0
SNM1_YEAST,0.37,0.44,0.51,0.56,0.50,0.00,0.50,0.38,1
PTM1_YEAST,0.81,0.55,0.35,0.34,0.50,0.00,0.51,0.22,5
PTP1_YEAST,0.53,0.45,0.53,0.18,0.50,0.00,0.42,0.22,2
PTP2_YEAST,0.45,0.27,0.50,0.33,0.50,0.00,0.53,0.26,2
PTR2_YEAST,0.36,0.33,0.38,0.15,0.50,0.00,0.55,0.36,6
PUB1_YEAST,0.48,0.50,0.56,0.11,0.50,0.00,0.33,0.22,2
PRCF_YEAST,0.35,0.47,0.53,0.19,0.50,0.00,0.48,0.22,2
PRCZ_YEAST,0.48,0.48,0.56,0.18,0.50,0.00,0.58,0.22,2
PUT1_YEAST,0.60,0.59,0.47,0.47,0.50,0.00,0.53,0.22,0
PUT2_YEAST,0.45,0.53,0.51,0.42,0.50,0.00,0.52,0.22,0
PUT3_YEAST,0.29,0.40,0.41,0.48,0.50,0.00,0.53,0.30,1
PUT4_YEAST,0.58,0.53,0.33,0.26,0.50,0.00,0.51,0.22,6
PYC1_YEAST,0.46,0.43,0.50,0.24,0.50,0.00,0.48,0.31,2
PYC2_YEAST,0.43,0.46,0.50,0.21,0.50,0.00,0.49,0.34,2
KPYK_YEAST,0.61,0.55,0.51,0.26,0.50,0.00,0.52,0.22,2
UCRX_YEAST,0.50,0.62,0.52,0.30,0.50,0.00,0.56,0.22,0
UCR2_YEAST,0.49,0.45,0.54,0.40,0.50,0.00,0.55,0.22,0
UCR6_YEAST,0.64,0.53,0.59,0.14,0.50,0.00,0.53,0.22,0
UCRQ_YEAST,0.57,0.60,0.54,0.17,0.50,0.00,0.52,0.22,0
UCR8_YEAST,0.38,0.31,0.59,0.19,0.50,0.00,0.46,0.22,0
UCR9_YEAST,0.68,0.53,0.44,0.31,0.50,0.00,0.51,0.22,0
RAD1_YEAST,0.24,0.41,0.47,0.16,0.50,0.00,0.51,0.38,1
RA10_YEAST,0.61,0.39,0.53,0.14,0.50,0.00,0.43,0.26,1
RA14_YEAST,0.39,0.16,0.59,0.08,0.50,0.00,0.51,0.27,1
RA16_YEAST,0.33,0.28,0.50,0.40,0.50,0.00,0.46,0.61,1
RA18_YEAST,0.51,0.55,0.56,0.18,0.50,0.00,0.50,0.38,1
RAD2_YEAST,0.39,0.44,0.54,0.24,0.50,0.00,0.51,0.49,1
RA23_YEAST,0.43,0.48,0.53,0.18,0.50,0.00,0.46,0.22,1
RA26_YEAST,0.47,0.43,0.48,0.16,0.50,0.00,0.46,0.27,1
RAD3_YEAST,0.52,0.50,0.51,0.20,0.50,0.00,0.51,0.22,1
RAD4_YEAST,0.33,0.28,0.52,0.15,0.50,0.00,0.51,0.86,1
RAD5_YEAST,0.36,0.48,0.50,0.13,0.50,0.00,0.49,0.60,1
RA50_YEAST,0.45,0.54,0.49,0.29,0.50,0.00,0.49,0.25,1
RA51_YEAST,0.55,0.59,0.53,0.15,0.50,0.00,0.49,0.22,1
RA52_YEAST,0.31,0.39,0.55,0.28,0.50,0.00,0.46,0.31,1
RA54_YEAST,0.43,0.41,0.51,0.34,0.50,0.00,0.49,0.28,1
RA55_YEAST,0.64,0.50,0.53,0.10,0.50,0.00,0.51,0.22,1
RA57_YEAST,0.41,0.52,0.56,0.26,0.50,0.00,0.48,0.32,1
UBC2_YEAST,0.48,0.47,0.59,0.41,0.50,0.00,0.56,0.27,1
RAD7_YEAST,0.49,0.49,0.51,0.29,0.50,0.00,0.52,0.71,1
RAD9_YEAST,0.41,0.52,0.51,0.22,0.50,0.00,0.52,0.44,1
SRS2_YEAST,0.51,0.61,0.50,0.23,0.50,0.00,0.52,0.61,1
RAM1_YEAST,0.59,0.47,0.51,0.53,0.50,0.00,0.53,0.26,2
RAM2_YEAST,0.40,0.60,0.50,0.16,0.50,0.00,0.51,0.22,2
RAP1_YEAST,0.54,0.53,0.53,0.17,0.50,0.00,0.51,0.39,1
RAS1_YEAST,0.61,0.46,0.54,0.11,0.50,0.00,0.47,0.22,2
RAS2_YEAST,0.66,0.55,0.54,0.18,0.50,0.00,0.43,0.22,2
RAT1_YEAST,0.53,0.46,0.54,0.37,0.50,0.00,0.51,0.30,1
RCA1_YEAST,0.41,0.41,0.43,0.61,0.50,0.00,0.53,0.22,0
REB1_YEAST,0.58,0.31,0.60,0.12,0.50,0.00,0.47,0.33,1
R102_YEAST,0.49,0.67,0.50,0.28,0.50,0.00,0.43,0.22,1
R104_YEAST,0.44,0.33,0.55,0.16,0.50,0.00,0.49,0.22,1
R114_YEAST,0.44,0.45,0.53,0.19,0.50,0.00,0.41,0.28,1
RED1_YEAST,0.57,0.55,0.52,0.16,0.50,0.00,0.49,0.39,1
RER1_YEAST,0.45,0.66,0.39,0.11,0.50,0.00,0.54,0.22,6
D8_YEAST,0.32,0.49,0.53,0.28,0.50,0.00,0.50,0.50,1
RFA1_YEAST,0.35,0.42,0.56,0.28,0.50,0.00,0.47,0.22,1
RFA2_YEAST,0.46,0.41,0.58,0.10,0.50,0.00,0.48,0.22,1
RFA3_YEAST,0.57,0.51,0.58,0.22,0.50,0.00,0.51,0.22,1
RFC2_YEAST,0.47,0.47,0.54,0.19,0.50,0.00,0.51,0.33,1
RFC3_YEAST,0.34,0.58,0.50,0.26,0.50,0.00,0.51,0.22,1
RFC4_YEAST,0.55,0.45,0.58,0.25,0.50,0.00,0.49,0.22,1
RFT1_YEAST,0.40,0.66,0.34,0.21,0.50,0.00,0.52,0.26,1
RGM1_YEAST,0.42,0.21,0.59,0.30,0.50,0.00,0.47,0.27,1
RHO1_YEAST,0.60,0.48,0.46,0.32,0.50,0.00,0.40,0.33,2
RHO2_YEAST,0.64,0.44,0.51,0.35,0.50,0.00,0.53,0.22,2
RIF1_YEAST,0.35,0.40,0.44,0.25,0.50,0.00,0.53,0.57,1
RIM1_YEAST,0.55,0.38,0.64,0.42,0.50,0.00,0.47,0.22,0
RIM2_YEAST,0.45,0.43,0.50,0.25,0.50,0.00,0.47,0.22,0
UCRI_YEAST,0.47,0.53,0.48,0.51,0.50,0.00,0.54,0.22,0
R3_YEAST,0.45,0.49,0.57,0.25,0.50,0.00,0.48,0.22,1
RNA1_YEAST,0.45,0.52,0.50,0.12,0.50,0.00,0.60,0.22,2
RN12_YEAST,0.56,0.51,0.32,0.49,0.50,0.00,0.48,0.22,1
RN14_YEAST,0.37,0.58,0.50,0.22,0.50,0.00,0.47,0.22,1
RN15_YEAST,0.47,0.45,0.51,0.33,0.50,0.00,0.46,0.26,1
ROX1_YEAST,0.50,0.36,0.64,0.37,0.50,0.00,0.37,0.33,1
ROX3_YEAST,0.43,0.44,0.64,0.19,0.50,0.00,0.38,0.33,1
RS3A_YEAST,0.38,0.40,0.59,0.25,0.50,0.00,0.44,0.22,2
RS3B_YEAST,0.39,0.39,0.59,0.25,0.50,0.00,0.45,0.22,2
R13A_YEAST,0.54,0.55,0.56,0.14,0.50,0.00,0.50,0.25,2
RL18_YEAST,0.45,0.50,0.57,0.29,0.50,0.00,0.44,0.11,2
RL18_YEAST,0.45,0.50,0.57,0.29,0.50,0.00,0.44,0.11,2
RS24_YEAST,0.61,0.38,0.57,0.36,0.50,0.00,0.44,0.21,2
RS24_YEAST,0.61,0.38,0.57,0.36,0.50,0.00,0.44,0.21,2
R17A_YEAST,0.43,0.33,0.54,0.37,0.50,0.00,0.38,0.16,2
R17B_YEAST,0.43,0.33,0.54,0.37,0.50,0.00,0.38,0.16,2
R61A_YEAST,0.51,0.39,0.58,0.19,0.50,0.00,0.47,0.22,2
RPA9_YEAST,0.72,0.51,0.52,0.08,0.50,0.00,0.54,0.22,1
RPA2_YEAST,0.35,0.41,0.53,0.27,0.50,0.00,0.47,0.29,1
RPA1_YEAST,0.56,0.49,0.54,0.15,0.50,0.00,0.50,0.35,1
RPA3_YEAST,0.57,0.37,0.43,0.27,0.50,0.00,0.53,0.28,1
RPBX_YEAST,0.57,0.49,0.61,0.26,0.50,0.00,0.52,0.22,1
RPBY_YEAST,0.48,0.45,0.63,0.19,0.50,0.00,0.58,0.22,1
RPB2_YEAST,0.34,0.48,0.47,0.19,0.50,0.00,0.50,0.30,1
RPB3_YEAST,0.54,0.57,0.55,0.18,0.50,0.00,0.50,0.22,1
RPB4_YEAST,0.38,0.44,0.55,0.44,0.50,0.00,0.47,0.51,1
RPB5_YEAST,0.40,0.30,0.57,0.13,0.50,0.00,0.46,0.22,1
RPB6_YEAST,0.27,0.31,0.55,0.13,0.50,0.00,0.50,0.22,1
RPB7_YEAST,0.52,0.46,0.56,0.25,0.50,0.00,0.52,0.22,1
RPB8_YEAST,0.44,0.50,0.55,0.24,0.50,0.00,0.48,0.22,1
RPB9_YEAST,0.34,0.47,0.48,0.32,0.50,0.00,0.42,0.22,1
RPCX_YEAST,0.50,0.56,0.63,0.25,0.50,0.00,0.42,0.22,1
RPC2_YEAST,0.46,0.53,0.47,0.37,0.50,0.00,0.51,0.36,1
RPC9_YEAST,0.31,0.60,0.65,0.18,0.50,0.00,0.46,0.22,1
RPC8_YEAST,0.57,0.42,0.63,0.22,0.50,0.00,0.68,0.32,1
RPC6_YEAST,0.37,0.45,0.53,0.14,0.50,0.00,0.49,0.22,1
RPC5_YEAST,0.38,0.38,0.54,0.24,0.50,0.00,0.54,0.22,1
RPC4_YEAST,0.36,0.49,0.55,0.21,0.50,0.00,0.55,0.33,1
RPC3_YEAST,0.29,0.40,0.50,0.16,0.50,0.00,0.51,0.34,1
RPD3_YEAST,0.37,0.30,0.51,0.15,0.50,0.00,0.58,0.26,1
RL1_YEAST, 0.35,0.33,0.48,0.42,0.50,0.00,0.47,0.43,2
RL15_YEAST,0.46,0.35,0.69,0.18,0.50,0.00,0.30,0.25,2
RL15_YEAST,0.46,0.35,0.69,0.18,0.50,0.00,0.30,0.25,2
R14A_YEAST,0.57,0.43,0.52,0.30,0.50,0.00,0.37,0.11,2
R14B_YEAST,0.57,0.43,0.52,0.30,0.50,0.00,0.37,0.11,2
RL12_YEAST,0.59,0.51,0.48,0.12,0.50,0.00,0.54,0.31,2
RL12_YEAST,0.59,0.51,0.48,0.12,0.50,0.00,0.54,0.31,2
RL16_YEAST,0.61,0.53,0.59,0.17,0.50,0.00,0.44,0.28,2
RL1A_YEAST,0.61,0.48,0.56,0.19,0.50,0.00,0.53,0.31,2
RL1A_YEAST,0.61,0.48,0.56,0.19,0.50,0.00,0.53,0.31,2
R16A_YEAST,0.44,0.56,0.52,0.18,0.50,0.00,0.50,0.11,2
R16B_YEAST,0.36,0.56,0.52,0.18,0.50,0.00,0.45,0.16,2
RL17_YEAST,0.37,0.44,0.64,0.48,0.50,0.00,0.36,0.27,2
RL19_YEAST,0.72,0.37,0.63,0.38,0.50,0.00,0.40,0.14,2
RL19_YEAST,0.72,0.37,0.63,0.38,0.50,0.00,0.40,0.14,2
RL25_YEAST,0.44,0.36,0.64,0.45,0.50,0.00,0.53,0.11,2
RL27_YEAST,0.58,0.45,0.55,0.27,0.50,0.00,0.48,0.11,2
RL2_YEAST, 0.63,0.64,0.45,0.26,0.50,0.00,0.43,0.22,2
RL2_YEAST, 0.63,0.64,0.45,0.26,0.50,0.00,0.43,0.22,2
RL3A_YEAST,0.43,0.33,0.67,0.12,0.50,0.00,0.45,0.23,2
RL3B_YEAST,0.43,0.33,0.67,0.12,0.50,0.00,0.43,0.23,2
RL3E_YEAST,0.58,0.44,0.50,0.26,0.50,0.00,0.52,0.22,2
RL34_YEAST,0.38,0.43,0.53,0.22,0.50,0.00,0.48,0.11,2
R37A_YEAST,0.40,0.45,0.61,0.29,0.50,0.00,0.44,0.22,2
R37B_YEAST,0.40,0.45,0.61,0.29,0.50,0.00,0.44,0.22,2
RL44_YEAST,0.34,0.34,0.65,0.40,0.50,0.00,0.32,0.16,2
RL44_YEAST,0.34,0.34,0.65,0.40,0.50,0.00,0.32,0.16,2
RL46_YEAST,0.43,0.22,0.79,0.79,0.50,0.00,0.22,0.00,2
RL41_YEAST,0.35,0.21,1.00,0.80,0.50,0.00,0.13,0.01,2
RL41_YEAST,0.35,0.21,1.00,0.80,0.50,0.00,0.13,0.01,2
RL4A_YEAST,0.56,0.35,0.47,0.41,0.50,0.00,0.50,0.22,2
RL4B_YEAST,0.56,0.35,0.47,0.35,0.50,0.00,0.52,0.22,2
RL6_YEAST, 0.54,0.44,0.55,0.48,0.50,0.00,0.47,0.22,2
RL71_YEAST,0.35,0.39,0.56,0.20,0.50,0.00,0.49,0.41,2
RL9_YEAST, 0.48,0.46,0.58,0.16,0.50,0.00,0.45,0.22,2
RLA0_YEAST,0.48,0.55,0.48,0.10,0.50,0.00,0.55,0.22,2
RLA1_YEAST,0.66,0.60,0.52,0.19,0.50,0.00,0.69,0.22,2
RLA2_YEAST,0.69,0.54,0.55,0.23,0.50,0.00,0.73,0.22,2
RLA3_YEAST,0.73,0.60,0.47,0.20,0.50,0.00,0.72,0.22,2
RLA4_YEAST,0.78,0.82,0.56,0.21,0.50,0.00,0.69,0.22,2
RPM2_YEAST,0.42,0.49,0.49,0.36,0.50,0.00,0.57,0.26,0
RPB1_YEAST,0.44,0.62,0.53,0.27,0.50,0.00,0.49,0.22,1
RPC1_YEAST,0.56,0.61,0.52,0.19,0.50,0.00,0.52,0.32,1
RPOM_YEAST,0.47,0.56,0.46,0.50,0.50,0.00,0.51,0.22,0
RS6_YEAST, 0.46,0.33,0.45,0.22,0.50,0.00,0.41,0.37,2
R19A_YEAST,0.52,0.43,0.61,0.22,0.50,0.00,0.45,0.22,2
R19B_YEAST,0.52,0.43,0.61,0.22,0.50,0.00,0.45,0.22,2
RS41_YEAST,0.32,0.44,0.54,0.21,0.50,0.00,0.40,0.19,2
RS41_YEAST,0.32,0.44,0.54,0.21,0.50,0.00,0.40,0.19,2
RS15_YEAST,0.48,0.41,0.52,0.33,0.50,0.00,0.51,0.26,2
RS22_YEAST,0.46,0.39,0.54,0.22,0.50,0.00,0.48,0.25,2
RS22_YEAST,0.46,0.39,0.54,0.22,0.50,0.00,0.48,0.25,2
RS21_YEAST,0.42,0.50,0.64,0.13,0.50,0.00,0.49,0.22,2
R26A_YEAST,0.46,0.54,0.59,0.41,0.50,0.00,0.53,0.21,2
R26B_YEAST,0.46,0.54,0.59,0.41,0.50,0.00,0.53,0.21,2
R271_YEAST,0.39,0.65,0.57,0.19,0.50,0.00,0.44,0.25,2
R272_YEAST,0.39,0.65,0.57,0.19,0.50,0.00,0.43,0.25,2
RS28_YEAST,0.38,0.50,0.52,0.44,0.50,0.00,0.54,0.11,2
RS28_YEAST,0.38,0.50,0.52,0.44,0.50,0.00,0.54,0.11,2
RS3_YEAST, 0.51,0.52,0.58,0.17,0.50,0.00,0.47,0.28,2
RS31_YEAST,0.57,0.48,0.54,0.22,0.50,0.00,0.50,0.11,2
RS33_YEAST,0.50,0.50,0.62,0.23,0.50,0.00,0.35,0.11,2
RS37_YEAST,0.41,0.49,0.65,0.28,0.50,0.00,0.59,0.57,2
RS4E_YEAST,0.53,0.57,0.60,0.36,0.50,0.00,0.50,0.22,2
RS4E_YEAST,0.53,0.57,0.60,0.36,0.50,0.00,0.50,0.22,2
RS8_YEAST, 0.37,0.30,0.62,0.43,0.50,0.00,0.44,0.39,2
RS8_YEAST, 0.37,0.30,0.62,0.43,0.50,0.00,0.44,0.39,2
RRN6_YEAST,0.60,0.57,0.52,0.14,0.50,0.00,0.46,0.48,1
RRN7_YEAST,0.42,0.38,0.52,0.29,0.50,0.00,0.42,0.22,1
RTG1_YEAST,0.41,0.46,0.58,0.08,0.50,0.00,0.51,0.28,1
R161_YEAST,0.49,0.40,0.58,0.23,0.50,0.00,0.47,0.27,2
R167_YEAST,0.37,0.37,0.51,0.38,0.50,0.00,0.44,0.22,2
RSD1_YEAST,0.57,0.50,0.40,0.08,0.50,0.00,0.47,0.22,6
FIMB_YEAST,0.51,0.40,0.50,0.28,0.50,0.00,0.48,0.27,2
SAC7_YEAST,0.34,0.25,0.55,0.28,0.50,0.00,0.51,0.49,2
SAG1_YEAST,0.77,0.86,0.44,0.27,0.50,0.00,0.48,0.22,3
SAR1_YEAST,0.59,0.54,0.53,0.14,0.50,0.00,0.48,0.22,2
SC25_YEAST,0.50,0.48,0.48,0.23,0.50,0.00,0.53,0.68,2
SCJ1_YEAST,0.39,1.00,0.38,0.41,0.50,0.00,0.50,0.27,0
PRCI_YEAST,0.56,0.42,0.52,0.14,0.50,0.00,0.51,0.22,2
TAT2_YEAST,0.39,0.46,0.33,0.18,0.50,0.00,0.53,0.22,6
SCO1_YEAST,0.52,0.54,0.47,0.49,0.50,0.00,0.54,0.22,0
S160_YEAST,0.46,0.49,0.55,0.18,0.50,0.00,0.56,0.22,1
DHSA_YEAST,0.56,0.65,0.49,0.56,0.50,0.00,0.49,0.22,0
DHSB_YEAST,0.53,0.51,0.55,0.57,0.50,0.00,0.46,0.22,0
SDH3_YEAST,0.54,0.64,0.40,0.56,0.50,0.00,0.51,0.22,0
SDH4_YEAST,0.47,0.58,0.47,0.52,0.50,0.00,0.54,0.22,0
SDHL_YEAST,0.46,0.42,0.51,0.16,0.50,0.00,0.56,0.22,2
SEC1_YEAST,0.60,0.51,0.49,0.18,0.50,0.00,0.53,0.38,2
SC11_YEAST,0.85,0.66,0.49,0.18,0.50,0.00,0.51,0.22,3
SC12_YEAST,0.55,0.52,0.44,0.20,0.50,0.00,0.56,0.22,5
SC13_YEAST,0.49,0.38,0.56,0.09,0.50,0.00,0.46,0.22,2
SC14_YEAST,0.38,0.40,0.53,0.12,0.50,0.00,0.55,0.22,2
SC15_YEAST,0.55,0.55,0.52,0.13,0.50,0.00,0.53,0.25,2
SC17_YEAST,0.46,0.44,0.58,0.17,0.50,0.00,0.55,0.22,2
SC18_YEAST,0.34,0.46,0.52,0.19,0.50,0.00,0.53,0.26,2
SEC2_YEAST,0.58,0.56,0.46,0.14,0.50,0.00,0.51,0.22,2
SC20_YEAST,0.46,0.47,0.44,0.18,1.00,0.00,0.46,0.22,5
SC21_YEAST,0.44,0.71,0.50,0.21,0.50,0.00,0.54,0.27,2
SC22_YEAST,0.56,0.49,0.32,0.22,0.50,0.00,0.50,0.22,5
SC23_YEAST,0.41,0.49,0.47,0.09,0.50,0.00,0.49,0.22,2
SEC4_YEAST,0.44,0.51,0.53,0.30,0.50,0.00,0.53,0.22,2
PMM_YEAST, 0.54,0.51,0.56,0.15,0.50,0.00,0.54,0.31,2
SC59_YEAST,0.51,0.51,0.32,0.27,0.50,0.00,0.54,0.22,6
SEC6_YEAST,0.46,0.38,0.51,0.20,0.50,0.00,0.51,0.22,2
S61A_YEAST,0.55,0.72,0.35,0.26,0.50,0.00,0.49,0.22,6
SC62_YEAST,0.54,0.44,0.35,0.19,0.50,0.00,0.51,0.27,6
NPL1_YEAST,0.65,0.66,0.37,0.12,0.50,0.00,0.52,0.27,6
SC65_YEAST,0.41,0.40,0.56,0.17,0.50,0.00,0.56,0.22,2
SC66_YEAST,0.39,0.71,0.38,0.14,0.50,0.00,0.50,0.22,5
SEC7_YEAST,0.37,0.42,0.46,0.15,0.50,0.00,0.51,0.31,5
SC72_YEAST,0.59,0.55,0.57,0.18,0.50,0.00,0.51,0.22,2
SEC8_YEAST,0.48,0.51,0.50,0.24,0.50,0.00,0.54,0.38,2
SEC9_YEAST,0.39,0.30,0.63,0.20,0.50,0.00,0.43,0.47,2
TRAM_YEAST,0.47,0.52,0.54,0.25,0.50,0.00,0.54,0.29,0
SED1_YEAST,0.77,0.82,0.40,0.36,0.50,0.00,0.38,0.22,3
SED4_YEAST,0.52,0.55,0.39,0.09,1.00,0.00,0.55,0.25,6
SED5_YEAST,0.42,0.28,0.33,0.23,0.50,0.00,0.39,0.26,6
SEN1_YEAST,0.47,0.37,0.46,0.28,0.50,0.00,0.52,0.99,1
SEN2_YEAST,0.48,0.50,0.47,0.29,0.50,0.00,0.46,0.27,1
SYSC_YEAST,0.30,0.33,0.55,0.12,0.50,0.00,0.53,0.38,2
SFL1_YEAST,0.49,0.49,0.52,0.18,0.50,0.00,0.51,0.25,1
SFP1_YEAST,0.54,0.59,0.57,0.34,0.50,0.00,0.49,0.22,1
AMYG_YEAST,0.70,0.78,0.53,0.24,0.50,0.00,0.48,0.22,7
SGE1_YEAST,0.85,0.69,0.34,0.31,0.50,0.00,0.57,0.30,3
SHM1_YEAST,0.56,0.59,0.45,0.15,0.50,0.00,0.54,0.22,0
GLYM_YEAST,0.47,0.56,0.53,0.44,0.50,0.00,0.53,0.22,0
GLYC_YEAST,0.53,0.49,0.47,0.21,0.50,0.00,0.53,0.22,2
SHR3_YEAST,0.70,0.57,0.34,0.19,0.50,0.00,0.53,0.27,5
SIC1_YEAST,0.42,0.43,0.67,0.70,0.50,0.00,0.42,0.25,2
NOT4_YEAST,0.47,0.44,0.53,0.18,0.50,0.00,0.47,0.29,1
SIN3_YEAST,0.40,0.49,0.53,0.23,0.50,0.00,0.44,0.26,1
SIN4_YEAST,0.45,0.65,0.51,0.17,0.50,0.00,0.49,0.22,1
SIP2_YEAST,0.42,0.42,0.55,0.31,0.50,0.00,0.43,0.22,1
SIR1_YEAST,0.45,0.41,0.53,0.49,0.50,0.00,0.49,0.31,1
SIR2_YEAST,0.42,0.28,0.49,0.22,0.50,0.00,0.55,0.34,1
SIR3_YEAST,0.47,0.50,0.47,0.22,0.50,0.00,0.53,0.45,1
SIR4_YEAST,0.33,0.42,0.55,0.23,0.50,0.00,0.52,0.43,1
SIS1_YEAST,0.56,0.55,0.57,0.15,0.50,0.00,0.54,0.25,2
SIS2_YEAST,0.37,0.47,0.49,0.12,0.50,0.00,0.47,0.31,1
SKI3_YEAST,0.32,0.60,0.48,0.13,0.50,0.00,0.53,0.22,1
SKN1_YEAST,0.38,0.42,0.31,0.35,0.50,0.00,0.52,0.22,6
SKN7_YEAST,0.46,0.56,0.56,0.25,0.50,0.00,0.43,0.22,1
SKO1_YEAST,0.47,0.55,0.57,0.17,0.50,0.00,0.52,0.66,1
SLA1_YEAST,0.37,0.55,0.52,0.13,0.50,0.00,0.42,0.80,2
SLA2_YEAST,0.46,0.48,0.38,0.22,0.50,0.00,0.39,0.45,6
PLSC_YEAST,0.80,0.69,0.53,0.33,0.50,0.00,0.51,0.22,5
SLN1_YEAST,0.52,0.65,0.36,0.37,0.50,0.00,0.52,0.34,6
SLU7_YEAST,0.19,0.16,0.68,0.36,0.50,0.00,0.49,0.21,1
SLY1_YEAST,0.64,0.31,0.53,0.15,0.50,0.00,0.53,0.31,2
SLY4_YEAST,0.40,0.43,0.36,0.33,0.50,0.00,0.51,0.22,6
SMC1_YEAST,0.47,0.56,0.51,0.20,0.50,0.00,0.52,0.59,1
SMC2_YEAST,0.40,0.75,0.44,0.12,0.50,0.00,0.49,0.22,1
SMD1_YEAST,0.48,0.55,0.58,0.18,0.50,0.00,0.38,0.69,1
SMF1_YEAST,0.57,0.51,0.34,0.13,0.50,0.00,0.53,0.27,0
SMF2_YEAST,0.23,0.37,0.32,0.13,0.50,0.00,0.53,0.22,0
SMY1_YEAST,0.54,0.50,0.51,0.26,0.50,0.00,0.52,0.22,2
SMY2_YEAST,0.60,0.64,0.56,0.36,0.50,0.00,0.46,0.27,2
SNC1_YEAST,0.27,0.41,0.24,0.20,0.50,0.00,0.49,0.22,6
SNC2_YEAST,0.25,0.35,0.22,0.18,0.50,0.00,0.46,0.22,6
SNF1_YEAST,0.39,0.45,0.51,0.29,0.50,0.00,0.54,0.22,2
SNF2_YEAST,0.33,0.47,0.55,0.24,0.50,0.00,0.45,0.67,1
SNF3_YEAST,0.37,0.40,0.38,0.18,0.50,0.00,0.51,0.22,6
SNF4_YEAST,0.43,0.47,0.47,0.18,0.50,0.00,0.47,0.22,2
SNF5_YEAST,0.66,0.43,0.57,0.60,0.50,0.00,0.19,0.33,1
SNF6_YEAST,0.55,0.40,0.62,0.22,0.50,0.00,0.37,0.28,1
RU17_YEAST,0.33,0.46,0.60,0.18,0.50,0.00,0.51,0.26,1
SNP2_YEAST,0.51,0.50,0.54,0.11,0.50,0.00,0.60,0.22,1
YBC6_YEAST,0.54,0.60,0.57,0.17,0.50,0.00,0.44,0.22,1
SNQ2_YEAST,0.45,0.57,0.38,0.28,0.50,0.00,0.53,0.31,6
SODC_YEAST,0.55,0.57,0.51,0.07,0.50,0.00,0.55,0.22,2
SODM_YEAST,0.54,0.47,0.58,0.40,0.50,0.00,0.46,0.27,0
SOF1_YEAST,0.36,0.32,0.55,0.27,0.50,0.00,0.47,0.43,1
SOK1_YEAST,0.46,0.41,0.45,0.23,0.50,0.00,0.48,0.22,1
SON1_YEAST,0.40,0.39,0.60,0.23,0.50,0.00,0.52,0.31,1
RL35_YEAST,0.52,0.47,0.58,0.18,0.50,0.00,0.34,0.11,2
RL35_YEAST,0.52,0.47,0.58,0.18,0.50,0.00,0.34,0.11,2
SPA2_YEAST,0.50,0.45,0.51,0.19,0.50,0.00,0.53,0.25,2
SPB4_YEAST,0.57,0.55,0.51,0.18,0.50,0.00,0.51,0.43,1
SPK1_YEAST,0.44,0.43,0.46,0.28,0.50,0.00,0.45,0.29,1
SP11_YEAST,0.46,0.50,0.50,0.28,0.50,0.00,0.50,0.37,1
SPR1_YEAST,0.66,0.65,0.54,0.40,0.50,0.00,0.51,0.22,4
SS10_YEAST,0.77,0.73,0.49,0.46,0.50,0.00,0.38,0.22,4
SX18_YEAST,0.38,0.58,0.46,0.21,0.50,0.00,0.52,0.22,1
SX19_YEAST,0.32,0.68,0.51,0.16,0.50,0.83,0.55,0.22,8
SP10_YEAST,0.27,0.46,0.52,0.17,0.50,0.00,0.49,0.44,1
SP14_YEAST,0.52,0.45,0.45,0.13,0.50,0.00,0.48,0.22,1
TF2D_YEAST,0.37,0.29,0.45,0.15,0.50,0.00,0.49,0.22,1
SPT2_YEAST,0.37,0.48,0.67,0.37,0.50,0.00,0.56,0.62,1
SP21_YEAST,0.44,0.59,0.54,0.18,0.50,0.00,0.49,0.22,1
SP23_YEAST,0.48,0.65,0.36,0.24,0.50,0.00,0.54,0.31,1
SPT3_YEAST,0.59,0.49,0.45,0.22,0.50,0.00,0.45,0.31,1
SPT4_YEAST,0.73,0.52,0.59,0.25,0.50,0.00,0.51,0.22,1
SPT5_YEAST,0.50,0.43,0.50,0.17,0.50,0.00,0.46,0.47,1
SPT6_YEAST,0.23,0.13,0.51,0.16,0.50,0.00,0.53,0.51,1
SPT7_YEAST,0.49,0.60,0.54,0.35,0.50,0.00,0.53,0.46,1
SPT8_YEAST,0.52,0.31,0.56,0.16,0.50,0.00,0.55,0.22,1
SRB2_YEAST,0.49,0.48,0.51,0.21,0.50,0.00,0.53,0.22,1
SRB4_YEAST,0.49,0.60,0.42,0.18,0.50,0.00,0.58,0.28,1
SRB5_YEAST,0.60,0.62,0.54,0.11,0.50,0.00,0.51,0.22,1
SRB6_YEAST,0.55,0.47,0.53,0.20,0.50,0.00,0.40,0.22,1
SCA1_YEAST,0.47,0.32,0.51,0.24,0.50,0.00,0.54,0.27,1
SRD1_YEAST,0.53,0.25,0.59,0.27,0.50,0.00,0.45,0.26,1
RCC_YEAST, 0.31,0.50,0.54,0.32,0.50,0.00,0.53,0.31,1
SRPI_YEAST,0.25,0.33,0.48,0.18,0.50,0.00,0.42,0.33,1
SRPR_YEAST,0.55,0.46,0.47,0.15,0.50,0.00,0.47,0.22,6
SR14_YEAST,0.61,0.50,0.61,0.21,0.50,0.00,0.55,0.54,2
SR54_YEAST,0.50,0.52,0.51,0.22,0.50,0.00,0.46,0.37,2
SR68_YEAST,0.62,0.33,0.49,0.24,0.50,0.00,0.51,0.42,2
SR72_YEAST,0.56,0.52,0.46,0.17,0.50,0.00,0.49,0.73,2
CAP_YEAST, 0.52,0.56,0.55,0.16,0.50,0.00,0.53,0.39,2
HS71_YEAST,0.53,0.48,0.51,0.18,0.50,0.00,0.52,0.27,2
HS72_YEAST,0.51,0.48,0.51,0.19,0.50,0.00,0.51,0.27,2
HS73_YEAST,0.51,0.48,0.51,0.26,0.50,0.00,0.51,0.27,2
HS74_YEAST,0.53,0.48,0.51,0.18,0.50,0.00,0.51,0.27,2
HS75_YEAST,0.60,0.46,0.51,0.10,0.50,0.00,0.48,0.31,2
HS76_YEAST,0.60,0.46,0.51,0.10,0.50,0.00,0.48,0.31,2
SSB1_YEAST,0.44,0.39,0.63,0.11,0.50,0.00,0.49,0.26,1
HS77_YEAST,0.51,0.50,0.49,0.45,0.50,0.00,0.48,0.22,0
SSD1_YEAST,0.45,0.45,0.51,0.30,0.50,0.00,0.48,0.44,2
RA25_YEAST,0.38,0.42,0.47,0.12,0.50,0.00,0.47,0.53,1
SSN6_YEAST,0.19,0.66,0.60,0.14,0.50,0.00,0.20,0.25,1
SSO1_YEAST,0.41,0.42,0.23,0.16,0.50,0.00,0.40,0.22,6
SSO2_YEAST,0.25,0.42,0.21,0.14,0.50,0.00,0.41,0.22,6
S120_YEAST,0.70,0.58,0.53,0.39,0.50,0.00,0.59,0.22,4
S61G_YEAST,0.49,0.31,0.43,0.24,0.50,0.00,0.54,0.22,6
SST2_YEAST,0.46,0.41,0.43,0.18,0.50,0.00,0.54,0.22,6
AMYH_YEAST,0.83,0.81,0.45,0.38,0.50,0.00,0.40,0.26,4
ST12_YEAST,0.38,0.51,0.56,0.21,0.50,0.00,0.48,0.31,1
DAP1_YEAST,0.32,0.36,0.28,0.38,0.50,0.00,0.50,0.40,6
ST14_YEAST,0.40,0.65,0.38,0.17,0.50,0.00,0.57,0.22,6
GBG_YEAST, 0.36,0.37,0.63,0.25,0.50,0.00,0.30,0.22,2
STE2_YEAST,0.49,0.55,0.41,0.19,0.50,0.00,0.48,0.31,6
ST20_YEAST,0.30,0.45,0.55,0.19,0.50,0.00,0.53,0.40,2
STE3_YEAST,0.88,0.72,0.32,0.30,0.50,0.00,0.52,0.33,3
GBB_YEAST, 0.44,0.40,0.53,0.19,0.50,0.00,0.48,0.27,2
STE5_YEAST,0.45,0.57,0.52,0.21,0.50,0.00,0.54,0.38,1
STE6_YEAST,0.46,0.61,0.38,0.35,0.50,0.00,0.49,0.22,6
STF1_YEAST,0.55,0.41,0.67,0.61,0.50,0.00,0.49,0.14,0
STF2_YEAST,0.28,0.18,0.72,0.26,0.50,0.00,0.49,0.25,0
STH1_YEAST,0.66,0.65,0.53,0.17,0.50,0.00,0.47,0.66,1
STL1_YEAST,0.36,0.50,0.39,0.23,0.50,0.00,0.50,0.22,6
STP1_YEAST,0.48,0.54,0.56,0.29,0.50,0.00,0.51,0.43,1
STU1_YEAST,0.33,0.37,0.49,0.22,0.50,0.00,0.55,0.22,2
STV1_YEAST,0.58,0.43,0.32,0.11,0.50,0.00,0.49,0.22,7
TF2B_YEAST,0.58,0.64,0.42,0.30,0.50,0.00,0.54,0.22,1
INV1_YEAST,0.74,0.82,0.46,0.24,0.50,0.00,0.50,0.31,4
INV2_YEAST,0.74,0.82,0.46,0.24,0.50,0.00,0.48,0.22,4
INV4_YEAST,0.75,0.76,0.58,0.22,0.50,0.00,0.49,0.22,4
SUG1_YEAST,0.58,0.37,0.58,0.16,0.50,0.00,0.51,0.22,1
SUI1_YEAST,0.39,0.39,0.65,0.16,0.50,0.00,0.45,0.22,2
IF2A_YEAST,0.51,0.59,0.55,0.21,0.50,0.00,0.52,0.22,2
IF2B_YEAST,0.41,0.35,0.60,0.22,0.50,0.00,0.56,0.79,2
SUL1_YEAST,0.43,0.28,0.41,0.32,0.50,0.00,0.52,0.22,6
SUP1_YEAST,0.41,0.49,0.55,0.13,0.50,0.00,0.55,0.22,2
SUP2_YEAST,0.23,0.29,0.46,0.00,0.50,0.00,0.43,0.31,2
RS4_YEAST, 0.25,0.48,0.45,0.32,0.50,0.00,0.40,0.22,2
RS11_YEAST,0.38,0.34,0.55,0.44,0.50,0.00,0.48,0.26,2
SUV3_YEAST,0.61,0.54,0.54,0.38,0.50,0.00,0.54,0.29,0
ADR6_YEAST,0.48,0.17,0.37,0.33,0.50,0.00,0.44,0.36,1
SWI3_YEAST,0.47,0.47,0.50,0.19,0.50,0.00,0.51,0.26,1
SWI4_YEAST,0.55,0.38,0.52,0.16,0.50,0.00,0.49,0.64,1
SWI5_YEAST,0.41,0.39,0.61,0.17,0.50,0.00,0.50,0.61,1
SWI6_YEAST,0.41,0.56,0.53,0.16,0.50,0.00,0.55,0.26,1
OSTD_YEAST,0.78,0.73,0.27,0.28,0.50,0.00,0.56,0.22,3
SYG1_YEAST,0.31,0.51,0.38,0.18,0.50,0.00,0.46,0.31,6
TAL1_YEAST,0.63,0.64,0.49,0.20,0.50,0.00,0.52,0.25,2
VAL1_YEAST,0.31,0.40,0.31,0.17,0.50,0.00,0.52,0.22,6
TBF1_YEAST,0.44,0.65,0.49,0.16,0.50,0.00,0.48,0.31,1
RL3_YEAST, 0.48,0.44,0.46,0.37,0.50,0.00,0.46,0.36,2
TCPA_YEAST,0.50,0.49,0.46,0.22,0.50,0.00,0.53,0.25,2
TCPE_YEAST,0.62,0.42,0.47,0.16,0.50,0.00,0.52,0.22,2
TCPB_YEAST,0.50,0.45,0.52,0.18,0.50,0.00,0.52,0.22,2
TCPG_YEAST,0.59,0.51,0.47,0.21,0.50,0.00,0.47,0.22,2
TCPD_YEAST,0.39,0.47,0.49,0.20,0.50,0.00,0.53,0.26,2
TCPZ_YEAST,0.49,0.48,0.52,0.24,0.50,0.00,0.50,0.22,2
G3P1_YEAST,0.59,0.48,0.49,0.42,0.50,0.00,0.52,0.22,2
G3P2_YEAST,0.57,0.35,0.50,0.43,0.50,0.00,0.53,0.22,2
G3P3_YEAST,0.61,0.52,0.50,0.44,0.50,0.00,0.53,0.22,2
TF3B_YEAST,0.49,0.51,0.52,0.13,0.50,0.00,0.51,0.33,1
TEC1_YEAST,0.45,0.40,0.56,0.15,0.50,0.00,0.52,0.22,1
EF1A_YEAST,0.63,0.43,0.48,0.11,0.50,0.00,0.51,0.22,2
EF1A_YEAST,0.63,0.43,0.48,0.11,0.50,0.00,0.51,0.22,2
EF1G_YEAST,0.52,0.45,0.53,0.34,0.50,0.00,0.52,0.44,2
EF1H_YEAST,0.54,0.48,0.55,0.33,0.50,0.00,0.55,0.40,2
T2EA_YEAST,0.55,0.79,0.45,0.25,0.50,0.00,0.51,0.22,1
YK42_YEAST,0.58,0.51,0.63,0.20,0.50,0.00,0.50,0.42,1
TFB1_YEAST,0.63,0.58,0.57,0.10,0.50,0.00,0.52,0.33,1
TFC1_YEAST,0.54,0.67,0.56,0.15,0.50,0.00,0.57,0.33,1
TF3A_YEAST,0.41,0.59,0.65,0.14,0.50,0.00,0.49,0.33,1
TFC3_YEAST,0.47,0.38,0.50,0.15,0.50,0.00,0.49,0.47,1
TFC4_YEAST,0.33,0.17,0.52,0.13,0.50,0.00,0.51,0.75,1
DKA1_YEAST,0.42,0.50,0.59,0.17,0.50,0.00,0.51,0.22,2
THRC_YEAST,0.54,0.55,0.55,0.40,0.50,0.00,0.53,0.22,2
SYTC_YEAST,0.31,0.31,0.57,0.15,0.50,0.00,0.50,0.22,2
IF4A_YEAST,0.38,0.42,0.50,0.19,0.50,0.00,0.44,0.22,2
IF1A_YEAST,0.33,0.36,0.62,0.26,0.50,0.00,0.55,0.22,2
IF4A_YEAST,0.38,0.42,0.50,0.19,0.50,0.00,0.44,0.22,2
TIF3_YEAST,0.47,0.56,0.58,0.19,0.50,0.00,0.44,0.64,2
IF41_YEAST,0.32,0.32,0.52,0.18,0.50,0.00,0.48,0.34,2
IF42_YEAST,0.28,0.27,0.50,0.14,0.50,0.00,0.50,0.28,2
IF5_YEAST, 0.41,0.46,0.57,0.25,0.50,0.00,0.57,0.38,2
IF52_YEAST,0.44,0.54,0.51,0.16,0.50,0.00,0.58,0.22,2
IF51_YEAST,0.44,0.55,0.51,0.16,0.50,0.00,0.60,0.22,2
TIP1_YEAST,0.77,0.70,0.44,0.29,0.50,0.00,0.56,0.22,3
TP20_YEAST,0.40,0.56,0.53,0.15,0.50,0.00,0.49,0.22,2
SRP1_YEAST,0.79,0.79,0.42,0.26,0.50,0.00,0.60,0.22,3
SRP2_YEAST,0.80,0.83,0.43,0.24,0.50,0.00,0.54,0.22,3
TKT1_YEAST,0.58,0.55,0.51,0.13,0.50,0.00,0.52,0.22,2
TKT2_YEAST,0.55,0.69,0.51,0.12,0.50,0.00,0.51,0.22,2
TYSY_YEAST,0.47,0.46,0.53,0.12,0.50,0.00,0.51,0.25,1
TOA1_YEAST,0.57,0.29,0.63,0.22,0.50,0.00,0.49,0.27,1
TOA2_YEAST,0.52,0.49,0.59,0.21,0.50,0.00,0.47,0.22,1
TOP1_YEAST,0.41,0.42,0.53,0.17,0.50,0.00,0.48,0.58,1
TOP2_YEAST,0.45,0.36,0.50,0.19,0.50,0.00,0.53,0.70,1
TOP3_YEAST,0.53,0.51,0.54,0.21,0.50,0.00,0.45,0.22,1
TOR2_YEAST,0.49,0.50,0.42,0.43,0.50,0.00,0.50,0.36,7
TPIS_YEAST,0.44,0.49,0.49,0.27,0.50,0.00,0.52,0.22,2
KAPA_YEAST,0.25,0.26,0.53,0.17,0.50,0.00,0.45,0.22,2
KAPB_YEAST,0.49,0.46,0.54,0.18,0.50,0.00,0.35,0.22,2
KAPC_YEAST,0.42,0.37,0.54,0.17,0.50,0.00,0.51,0.22,2
TPM1_YEAST,0.42,0.45,0.75,0.21,0.50,0.00,0.48,0.22,2
TPM2_YEAST,0.39,0.45,0.75,0.17,0.50,0.00,0.51,0.22,2
TPS1_YEAST,0.63,0.54,0.53,0.27,0.50,0.00,0.49,0.22,2
TPS2_YEAST,0.54,0.43,0.48,0.27,0.50,0.00,0.44,0.41,2
TPS3_YEAST,0.40,0.44,0.50,0.13,0.50,0.00,0.52,0.39,2
TRK1_YEAST,0.55,0.39,0.39,0.47,0.50,0.00,0.50,0.83,6
TRK2_YEAST,0.59,0.48,0.41,0.53,0.50,0.00,0.48,0.56,6
TRNL_YEAST,0.49,0.38,0.49,0.15,0.50,0.00,0.53,0.25,1
TRM1_YEAST,0.53,0.45,0.52,0.29,0.50,0.00,0.55,0.38,0
TRPF_YEAST,0.62,0.60,0.54,0.22,0.50,0.00,0.54,0.27,2
TRPE_YEAST,0.33,0.46,0.53,0.12,0.50,0.00,0.50,0.27,2
TRPG_YEAST,0.57,0.36,0.51,0.25,0.50,0.00,0.54,0.25,2
TRPD_YEAST,0.45,0.76,0.51,0.25,0.50,0.00,0.59,0.22,2
TRP_YEAST, 0.48,0.44,0.51,0.24,0.50,0.00,0.49,0.22,2
TSA_YEAST, 0.59,0.64,0.44,0.26,0.50,0.00,0.50,0.22,2
TSL1_YEAST,0.79,0.56,0.53,0.19,0.50,0.00,0.47,0.35,2
TSM1_YEAST,0.50,0.50,0.48,0.34,0.50,0.00,0.52,0.27,1
TTP1_YEAST,0.79,0.62,0.35,0.35,0.50,0.00,0.60,0.28,5
GLRX_YEAST,0.52,0.50,0.60,0.20,0.50,0.00,0.52,0.22,2
TBA1_YEAST,0.59,0.46,0.57,0.17,0.50,0.00,0.52,0.22,2
TBB_YEAST, 0.53,0.42,0.53,0.19,0.50,0.00,0.47,0.22,2
TBA3_YEAST,0.59,0.46,0.55,0.17,0.50,0.00,0.52,0.25,2
EFTU_YEAST,0.61,0.73,0.50,0.58,0.50,0.00,0.50,0.22,0
TUP1_YEAST,0.50,0.43,0.56,0.17,0.50,0.00,0.35,0.22,1
TYE7_YEAST,0.36,0.52,0.61,0.33,0.50,0.00,0.52,0.37,1
TYR1_YEAST,0.66,0.54,0.53,0.17,0.50,0.00,0.54,0.22,2
UBA1_YEAST,0.52,0.51,0.48,0.12,0.50,0.00,0.54,0.31,2
UBC1_YEAST,0.56,0.46,0.51,0.25,0.50,0.00,0.54,0.22,2
UBC4_YEAST,0.47,0.46,0.49,0.27,0.50,0.00,0.59,0.22,2
UBC5_YEAST,0.50,0.46,0.49,0.27,0.50,0.00,0.60,0.22,2
UBC6_YEAST,0.43,0.48,0.36,0.26,0.50,0.00,0.52,0.22,6
UBC7_YEAST,0.50,0.44,0.57,0.28,0.50,0.00,0.57,0.22,2
UBIQ_YEAST,0.46,0.47,0.62,0.30,0.50,0.00,0.38,0.22,2
UBP1_YEAST,0.59,0.70,0.46,0.19,0.50,0.00,0.54,0.44,2
UBP2_YEAST,0.19,0.41,0.55,0.13,0.50,0.00,0.52,0.25,2
UBP3_YEAST,0.27,0.43,0.50,0.13,0.50,0.00,0.54,0.31,2
UBR1_YEAST,0.42,0.46,0.44,0.17,0.50,0.00,0.51,0.42,2
UGA3_YEAST,0.49,0.36,0.47,0.28,0.50,0.00,0.56,0.54,1
UGA4_YEAST,0.42,0.51,0.33,0.16,0.50,0.00,0.54,0.22,6
UME5_YEAST,0.34,0.42,0.48,0.19,0.50,0.00,0.46,0.31,1
UME6_YEAST,0.60,0.57,0.63,0.22,0.50,0.00,0.50,0.49,1
UNG_YEAST, 0.53,0.44,0.54,0.52,0.50,0.00,0.49,0.38,1
PYRD_YEAST,0.48,0.39,0.56,0.23,0.50,0.00,0.60,0.22,2
PYR1_YEAST,0.56,0.49,0.47,0.13,0.50,0.00,0.52,0.22,1
UMPK_YEAST,0.47,0.59,0.56,0.09,0.50,0.00,0.50,0.22,2
RL21_YEAST,0.40,0.28,0.58,0.44,0.50,0.00,0.41,0.22,2
RSU2_YEAST,0.54,0.35,0.55,0.19,0.50,0.00,0.30,0.22,2
USO1_YEAST,0.50,0.47,0.45,0.14,0.50,0.00,0.53,0.32,6
YEU2_YEAST,0.55,0.49,0.60,0.18,0.50,0.00,0.51,0.22,1
71_YEAST,0.55,0.44,0.50,0.09,0.50,0.00,0.55,0.22,7
RMAR_YEAST,0.66,0.37,0.60,0.25,0.50,0.00,0.69,0.22,0
SYV_YEAST, 0.51,0.49,0.48,0.55,0.50,0.00,0.52,0.58,2
VATA_YEAST,0.36,0.51,0.51,0.17,0.50,0.00,0.52,0.22,7
VM11_YEAST,0.68,0.68,0.35,0.16,0.50,0.00,0.62,0.22,7
VATB_YEAST,0.44,0.35,0.55,0.14,0.50,0.00,0.52,0.22,7
VATL_YEAST,0.73,0.59,0.35,0.15,0.50,0.00,0.54,0.22,7
VATE_YEAST,0.60,0.37,0.52,0.15,0.50,0.00,0.55,0.26,7
VATC_YEAST,0.64,0.61,0.56,0.15,0.50,0.00,0.54,0.22,7
VATX_YEAST,0.48,0.58,0.58,0.12,0.50,0.00,0.49,0.22,7
VATF_YEAST,0.65,0.58,0.53,0.21,0.50,0.00,0.51,0.22,7
VATD_YEAST,0.48,0.49,0.49,0.26,0.50,0.00,0.39,0.27,7
VPH1_YEAST,0.57,0.54,0.32,0.15,0.50,0.00,0.52,0.25,7
VM12_YEAST,0.40,0.36,0.32,0.16,0.50,0.00,0.51,0.27,7
VPS1_YEAST,0.50,0.55,0.52,0.16,0.50,0.00,0.51,0.31,2
VP15_YEAST,0.65,0.63,0.47,0.22,0.50,0.00,0.52,0.27,2
VP16_YEAST,0.41,0.48,0.51,0.20,0.50,0.00,0.51,0.22,2
VP17_YEAST,0.25,0.40,0.54,0.16,0.50,0.00,0.43,0.22,2
YP51_YEAST,0.63,0.56,0.52,0.21,0.50,0.00,0.50,0.22,2
SLP1_YEAST,0.56,0.68,0.42,0.36,0.50,0.00,0.49,0.22,2
VP34_YEAST,0.57,0.47,0.48,0.17,0.50,0.00,0.52,0.26,7
VP45_YEAST,0.46,0.52,0.51,0.13,0.50,0.00,0.47,0.22,2
VRP1_YEAST,0.50,0.40,0.57,0.17,0.50,0.00,0.59,0.22,2
OSTB_YEAST,0.78,0.71,0.35,0.25,0.50,0.00,0.49,0.22,3
XRS2_YEAST,0.64,0.56,0.52,0.17,0.50,0.00,0.54,0.47,1
YAA7_YEAST,1.00,0.80,0.29,0.36,0.50,0.00,0.52,0.22,3
YAB1_YEAST,0.51,0.39,0.56,0.55,0.50,0.00,0.46,0.64,0
YAB8_YEAST,0.69,0.66,0.36,0.09,0.50,0.00,0.56,0.22,3
YAB9_YEAST,0.40,0.45,0.45,0.15,0.50,0.00,0.53,0.48,1
YAC2_YEAST,0.49,0.53,0.36,0.15,0.50,0.00,0.52,0.27,6
YAE2_YEAST,0.39,0.63,0.41,0.27,0.50,0.00,0.49,0.22,6
YAF1_YEAST,0.45,0.51,0.43,0.22,0.50,0.00,0.57,0.22,1
YAF3_YEAST,0.77,0.78,0.27,0.37,0.50,0.00,0.49,0.22,3
YAG3_YEAST,0.88,0.75,0.41,0.36,0.50,0.00,0.43,0.22,5
YAG7_YEAST,0.49,0.49,0.40,0.20,0.50,0.00,0.48,0.26,6
PDR4_YEAST,0.57,0.53,0.60,0.28,0.50,0.00,0.52,0.45,1
AP17_YEAST,0.53,0.52,0.49,0.27,0.50,0.00,0.51,0.22,2
AP19_YEAST,0.50,0.47,0.56,0.31,0.50,0.00,0.56,0.26,2
YAP3_YEAST,0.71,0.79,0.41,0.38,0.50,0.00,0.54,0.22,3
AP54_YEAST,0.33,0.49,0.46,0.22,0.50,0.00,0.53,0.33,6
ADB1_YEAST,0.47,0.41,0.46,0.18,0.50,0.00,0.53,0.22,6
CACM_YEAST,0.45,0.39,0.46,0.29,0.50,0.00,0.42,0.22,0
FMT_YEAST, 0.59,0.56,0.50,0.48,0.50,0.00,0.46,0.22,0
YBC4_YEAST,0.32,0.30,0.57,0.38,0.50,0.00,0.50,0.25,1
YBE2_YEAST,0.26,0.30,0.37,0.15,0.50,0.00,0.53,0.25,6
YBG6_YEAST,0.28,0.41,0.46,0.18,0.50,0.00,0.47,0.39,1
YBI8_YEAST,0.45,0.50,0.43,0.16,0.50,0.00,0.52,0.28,6
RL3P_YEAST,0.24,0.25,0.57,0.28,0.50,0.00,0.51,0.11,2
MRF1_YEAST,0.46,0.61,0.55,0.29,0.50,0.00,0.49,0.22,0
YBT6_YEAST,0.54,0.44,0.38,0.22,0.50,0.00,0.54,0.30,6
YBY2_YEAST,0.22,0.53,0.36,0.22,0.50,0.00,0.54,0.31,6
YB00_YEAST,0.25,0.41,0.47,0.14,0.50,0.00,0.56,0.68,1
YB30_YEAST,0.43,0.41,0.37,0.18,0.50,0.00,0.54,0.31,6
YB32_YEAST,0.40,0.44,0.47,0.25,0.50,0.00,0.54,0.56,1
YB33_YEAST,0.46,0.59,0.38,0.12,0.50,0.00,0.50,0.22,6
YB37_YEAST,0.80,0.82,0.40,0.31,0.50,0.00,0.57,0.25,3
YB48_YEAST,0.29,0.39,0.46,0.36,0.50,0.00,0.51,0.22,1
YB54_YEAST,0.40,0.40,0.43,0.19,0.50,0.83,0.48,0.22,8
YB72_YEAST,0.57,0.52,0.46,0.20,0.50,0.83,0.52,0.41,8
YB91_YEAST,0.43,0.60,0.40,0.12,0.50,0.00,0.49,0.29,6
YB8E_YEAST,0.56,0.71,0.47,0.21,0.50,0.00,0.52,0.22,0
YB8G_YEAST,0.65,0.62,0.26,0.33,0.50,0.00,0.55,0.22,6
YB8I_YEAST,0.77,0.70,0.37,0.12,0.50,0.00,0.49,0.26,3
YCFI_YEAST,0.47,0.61,0.32,0.27,0.50,0.00,0.50,0.30,6
YCK1_YEAST,0.71,0.51,0.49,0.23,0.50,0.00,0.30,0.32,5
YCK2_YEAST,0.59,0.48,0.49,0.49,0.50,0.00,0.36,0.32,2
YCA9_YEAST,0.58,0.63,0.52,0.70,0.50,0.00,0.46,0.22,0
YCD8_YEAST,0.30,0.68,0.41,0.17,0.50,0.00,0.51,0.22,6
YCG9_YEAST,0.74,0.73,0.32,0.20,0.50,0.00,0.55,0.22,3
YCH0_YEAST,0.55,0.35,0.36,0.29,0.50,0.00,0.51,0.22,6
YCQ0_YEAST,0.35,0.32,0.31,0.16,0.50,0.00,0.56,0.22,6
YCQ7_YEAST,0.67,0.61,0.39,0.24,0.50,0.00,0.51,0.22,6
YCR3_YEAST,0.69,0.57,0.39,0.19,0.50,0.00,0.48,0.39,5
SYN_YEAST, 0.47,0.41,0.53,0.27,0.50,0.00,0.47,0.25,0
YCR8_YEAST,0.39,0.56,0.34,0.18,0.50,0.00,0.49,0.22,6
YCS4_YEAST,0.51,0.38,0.42,0.21,0.50,0.00,0.46,0.34,6
YCT8_YEAST,0.32,0.45,0.39,0.14,0.50,0.00,0.45,0.22,6
YCV1_YEAST,0.75,0.73,0.35,0.33,0.50,0.00,0.49,0.28,3
YCW2_YEAST,0.54,0.54,0.56,0.18,0.50,0.00,0.46,0.29,1
YCX9_YEAST,0.71,0.64,0.42,0.28,0.50,0.00,0.43,0.22,4
YCY8_YEAST,0.28,0.48,0.36,0.16,0.50,0.00,0.53,0.22,6
YCZ6_YEAST,0.58,0.44,0.45,0.32,0.50,0.00,0.52,0.37,1
YD66_YEAST,0.52,0.65,0.36,0.26,0.50,0.00,0.44,0.22,6
MAS5_YEAST,0.64,0.44,0.56,0.15,0.50,0.00,0.56,0.22,2
EF3_YEAST, 0.48,0.58,0.47,0.17,0.50,0.00,0.53,0.74,2
YEA6_YEAST,0.42,0.71,0.45,0.15,0.50,0.00,0.48,0.22,6
YEP0_YEAST,0.38,0.37,0.36,0.14,0.50,0.00,0.54,0.22,6
YE14_YEAST,0.40,0.40,0.44,0.37,0.50,0.00,0.53,0.25,1
YGL1_YEAST,0.38,0.56,0.38,0.16,0.50,0.00,0.53,0.22,6
YGP1_YEAST,0.80,0.79,0.43,0.25,0.50,0.00,0.52,0.22,4
YHA8_YEAST,0.63,0.65,0.42,0.18,0.50,0.00,0.54,0.27,6
YHA9_YEAST,0.47,0.40,0.63,0.19,0.50,0.00,0.52,0.32,1
YHB7_YEAST,0.83,0.94,0.32,0.21,0.50,0.00,0.51,0.22,3
YHC6_YEAST,0.61,0.76,0.30,0.16,0.50,0.00,0.45,0.41,6
RIMI_YEAST,0.33,0.38,0.47,0.14,0.50,0.00,0.51,0.47,1
YHD5_YEAST,0.38,0.67,0.33,0.17,0.50,0.00,0.51,0.22,6
YHE0_YEAST,0.39,0.33,0.33,0.23,0.50,0.00,0.47,0.22,6
YHF0_YEAST,0.50,0.63,0.45,0.13,0.50,0.00,0.45,0.32,6
YHG2_YEAST,0.20,0.60,0.50,0.29,0.50,0.00,0.51,0.22,6
YHI7_YEAST,0.29,0.26,0.43,0.17,0.50,0.00,0.55,0.30,6
YHJ2_YEAST,0.51,0.46,0.41,0.36,0.50,0.00,0.49,0.22,6
YHK5_YEAST,0.92,0.66,0.52,0.23,0.50,0.00,0.53,0.22,3
YHK8_YEAST,0.49,0.56,0.37,0.20,0.50,0.00,0.53,0.22,6
YHN8_YEAST,0.86,0.78,0.34,0.15,0.50,0.00,0.53,0.22,5
YHP0_YEAST,0.38,0.44,0.57,0.14,0.50,0.00,0.53,0.52,1
YHQ1_YEAST,0.72,0.73,0.41,0.28,0.50,0.00,0.44,0.22,3
YHR0_YEAST,0.80,0.73,0.47,0.19,0.50,0.00,0.49,0.22,3
YHT3_YEAST,0.49,0.55,0.35,0.23,0.50,0.00,0.57,0.22,6
YHU0_YEAST,0.63,0.71,0.44,0.53,0.50,0.00,0.52,0.22,5
YHU2_YEAST,0.60,0.68,0.30,0.27,0.50,0.00,0.55,0.22,6
YHX8_YEAST,0.40,0.43,0.49,0.17,0.50,0.00,0.51,0.36,1
YHY0_YEAST,0.82,0.63,0.47,0.18,0.50,0.00,0.50,0.22,8
YHY1_YEAST,0.77,0.68,0.35,0.19,0.50,0.00,0.53,0.43,3
YIA6_YEAST,0.51,0.59,0.46,0.13,0.50,0.00,0.48,0.22,0
YIB3_YEAST,0.52,0.46,0.34,0.20,0.50,0.00,0.51,0.25,6
YIF2_YEAST,0.47,0.50,0.60,0.63,0.50,0.00,0.38,0.16,2
YIG3_YEAST,0.34,0.24,0.51,0.15,0.50,0.00,0.54,0.40,1
YIN0_YEAST,0.35,0.29,0.46,0.14,0.50,0.00,0.54,0.66,1
YIN4_YEAST,0.58,0.67,0.49,0.16,0.50,0.00,0.47,0.28,0
YIR3_YEAST,0.85,0.85,0.30,0.31,0.50,0.00,0.55,0.42,3
YKJ5_YEAST,0.36,0.48,0.61,0.26,0.50,0.00,0.50,0.16,1
YKA5_YEAST,0.41,0.25,0.59,0.44,0.50,0.00,0.60,0.69,1
YKA8_YEAST,0.30,0.37,0.40,0.45,0.50,0.00,0.48,0.41,6
MAOX_YEAST,0.57,0.59,0.49,0.86,0.50,0.00,0.47,0.22,1
YKD8_YEAST,0.38,0.40,0.39,0.19,0.50,0.00,0.46,0.62,1
YKE6_YEAST,0.77,0.74,0.37,0.29,0.50,0.00,0.45,0.22,3
TCTP_YEAST,0.47,0.38,0.58,0.19,0.50,0.00,0.57,0.22,2
PMT_YEAST, 0.50,0.61,0.44,0.20,0.50,0.00,0.49,0.22,0
YKM9_YEAST,0.41,0.45,0.46,0.23,0.50,0.00,0.50,0.70,2
YKN4_YEAST,0.46,0.62,0.46,0.54,0.50,0.00,0.51,0.27,0
YKS8_YEAST,0.74,0.75,0.45,0.44,0.50,0.00,0.52,0.22,8
ACP_YEAST, 0.52,0.53,0.58,0.69,0.50,0.00,0.50,0.22,0
YKW2_YEAST,0.41,0.47,0.50,0.14,0.50,0.00,0.53,0.37,1
YKY8_YEAST,0.25,0.40,0.52,0.15,0.50,0.00,0.56,0.28,1
YK44_YEAST,0.58,0.56,0.38,0.39,0.50,0.00,0.54,0.57,1
YK68_YEAST,0.32,0.29,0.29,0.08,0.50,0.00,0.52,0.22,6
RL13_YEAST,0.38,0.48,0.57,0.30,0.50,0.00,0.41,0.11,2
YMC1_YEAST,0.39,0.58,0.47,0.18,0.50,0.00,0.48,0.22,0
YMC2_YEAST,0.38,0.47,0.47,0.18,0.50,0.00,0.44,0.26,0
Y3_YEAST,0.63,0.57,0.50,0.48,0.50,0.00,0.51,0.22,0
RMR3_YEAST,0.51,0.45,0.62,0.25,0.50,0.00,0.59,0.22,0
YOX1_YEAST,0.59,0.67,0.54,0.19,0.50,0.00,0.48,0.60,1
YPT1_YEAST,0.60,0.61,0.54,0.11,0.50,0.00,0.46,0.22,2
YP52_YEAST,0.48,0.61,0.57,0.17,0.50,0.00,0.45,0.22,2
YP53_YEAST,0.71,0.50,0.50,0.18,0.50,0.00,0.46,0.22,2
YPT7_YEAST,0.61,0.48,0.54,0.25,0.50,0.00,0.50,0.22,2
R29A_YEAST,0.38,0.32,0.64,0.41,0.50,0.00,0.44,0.11,2
R29B_YEAST,0.38,0.40,0.66,0.35,0.50,0.00,0.43,0.11,2
YUR1_YEAST,0.81,0.62,0.43,0.17,0.50,0.00,0.53,0.22,5
ZIP1_YEAST,0.47,0.43,0.61,0.40,0.50,0.00,0.48,0.47,1
ZNRP_YEAST,0.67,0.57,0.36,0.19,0.50,0.00,0.56,0.22,5
ZUO1_YEAST,0.43,0.40,0.60,0.16,0.50,0.00,0.53,0.39,1
G6PD_YEAST,0.65,0.54,0.54,0.13,0.50,0.00,0.53,0.22,2